62849.418276 134
62849.906276 134
62850.357276 134
62850.644276 134
62851.145276 134
62851.482276 134
62851.873276 134
62852.161276 134
62852.676276 134
62852.909276 134
62853.262276 134
62853.724276 134
62854.107276 134
62854.411276 134
62854.792276 134
62855.203276 134
62855.585276 134
62855.956276 134
62856.490276 134
62856.731276 134
62857.205276 134
62857.631276 134
62858.002276 134
62858.450276 134
62858.978276 134
62859.265276 134
62859.715276 134
62860.194276 134
62860.614276 134
62860.965276 134
62861.454276 134
62861.776276 134
62862.238276 134
62862.657276 134
62863.017276 134
62863.292276 134
62863.718276 134
62864.020276 134
62864.378276 134
62864.644276 134
62864.983276 134
62865.263276 134
62865.862276 134
62866.129276 134
62866.496276 134
62867.008276 134
62867.350276 134
62867.648276 134
62868.221276 134
62868.497276 134
62868.866276 134
62869.242276 134
62869.697276 134
62869.980276 134
62870.519276 134
62870.888276 134
62871.214276 134
62871.514276 134
62872.066276 134
62872.461276 134
62872.979276 134
62873.315276 134
62873.714276 134
62874.027276 134
62874.548276 134
62874.812276 134
62875.200276 134
62875.715276 134
62876.072276 134
62876.398276 134
62876.969276 134
62877.238276 134
62877.622276 134
62878.062276 134
62878.440276 134
62878.738276 134
62879.216276 134
62879.574276 134
62879.922276 134
62880.210276 134
62880.719276 134
62880.995276 134
62881.367276 134
62881.797276 134
62882.218276 134
62882.500276 134
62882.960276 134
62883.280276 134
62883.644276 134
62884.001276 134
62884.340276 134
62884.609276 134
62885.110276 134
62885.463276 134
62885.799276 134
62886.198276 134
62886.653276 134
62886.989276 134
62887.532276 134
62887.948276 134
62888.292276 134
62888.747276 134
62889.146276 134
62889.507276 134
62890.090276 134
62890.435276 134
62890.833276 134
62891.253276 134
62891.720276 134
62892.075276 134
62892.656276 134
62892.929276 134
62893.300276 134
62893.714276 134
62894.194276 134
62894.468276 134
62894.962276 134
62895.351276 134
62895.679276 134
62896.028276 134
62896.513276 134
62896.823276 134
62897.252276 134
62897.654276 134
62898.057276 134
62898.327276 134
62898.814276 134
62899.194276 134
62899.537276 134
62900.029276 134
62900.522276 134
62900.808276 134
62901.429276 134
62901.717276 134
62902.115276 134
62902.445276 134
62902.767276 134
62903.110276 134
62903.472276 134
62903.795276 134
62904.317276 134
62904.730276 134
62905.057276 134
62905.480276 134
62905.984276 134
62906.263276 134
62906.724276 134
62907.172276 134
62908.021276 134
62908.455276 134
62908.714276 134
62909.174276 134
62909.546276 134
62909.963276 134
62910.418276 134
62910.863276 134
62911.150276 134
62911.490276 134
62911.928276 134
62912.319276 134
62912.598276 134
62913.182276 134
62913.447276 134
62913.842276 134
62914.274276 134
62914.702276 134
62914.991276 134
62915.440276 134
62915.842276 134
62916.165276 134
62916.554276 134
62917.065276 134
62917.319276 134
62917.774276 134
62918.193276 134
62918.548276 134
62918.913276 134
62919.423276 134
62919.773276 134
62920.136276 134
62920.641276 134
62921.061276 134
62921.352276 134
62921.887276 134
62922.162276 134
62922.497276 134
62922.818276 134
62923.295276 134
62923.580276 134
62923.890276 134
62924.175276 134
62924.521276 134
62925.055276 134
62925.380276 134
62925.718276 134
62926.391276 134
62926.656276 134
62927.117276 134
62927.615276 134
62927.975276 134
62928.343276 134
62928.879276 134
62929.558276 134
62929.988276 134
62930.429276 134
62930.706276 134
62931.350276 134
62931.614276 134
62931.909276 134
62932.342276 134
62932.704276 134
62933.074276 134
62933.613276 134
62933.912276 134
62934.334276 134
62934.723276 134
62935.211276 134
62935.526276 134
62936.035276 134
62936.421276 134
62936.821276 134
62937.207276 134
62937.655276 134
62937.958276 134
62938.520276 134
62938.945276 134
62939.282276 134
62939.782276 134
62940.247276 134
62940.564276 134
62941.088276 134
62941.398276 134
62941.734276 134
62942.069276 134
62942.538276 134
62942.888276 133
62943.344276 133
62943.688276 133
62944.019276 133
62944.273276 133
62944.659276 133
62944.910276 133
62945.478276 133
62945.760276 133
62946.186276 133
62946.709276 133
62947.066276 133
62947.419276 133
62947.961276 133
62948.254276 133
62948.625276 133
62948.996276 133
62949.445276 133
62949.712276 133
62950.160276 133
62950.596276 133
62950.914276 133
62951.391276 133
62951.852276 133
62952.173276 133
62952.546276 133
62952.979276 133
62953.379276 133
62953.683276 133
62954.183276 133
62954.473276 133
62954.852276 133
62955.381276 133
62955.732276 133
62956.046276 133
62956.585276 133
62956.899276 133
62957.253276 133
62957.544276 133
62958.072276 133
62958.351276 133
62958.720276 133
62959.225276 133
62959.546276 133
62959.822276 133
62960.314276 133
62960.722276 133
62961.054276 133
62961.464276 133
62961.905276 133
62962.178276 133
62962.529276 133
62962.821276 133
62963.194276 133
62963.442276 133
62963.806276 133
62964.117276 133
62964.586276 133
62964.933276 132
62965.312276 132
62965.669276 132
62966.190276 132
62966.494276 132
62966.973276 132
62967.359276 132
62967.755276 132
62968.057276 132
62968.613276 132
62968.946276 132
62969.329276 132
62969.861276 132
62970.211276 132
62970.593276 132
62971.134276 132
62971.412276 132
62971.829276 132
62972.261276 132
62972.589276 132
62972.824276 132
62973.246276 132
62973.686276 132
62974.015276 132
62974.416276 132
62974.882276 132
62975.238276 132
62975.652276 132
62976.074276 132
62976.461276 132
62976.740276 132
62977.277276 132
62977.588276 132
62977.969276 132
62978.362276 132
62978.837276 132
62979.118276 132
62979.599276 132
62979.920276 132
62980.294276 132
62980.584276 132
62981.156276 132
62981.445276 132
62981.828276 132
62982.257276 132
62982.603276 132
62982.905276 132
62983.255276 132
62983.642276 132
62984.020276 132
62984.301276 132
62984.660276 132
62985.100276 132
62985.566276 132
62985.820276 131
62986.279276 131
62986.695276 131
62987.067276 131
62987.390276 131
62987.898276 131
62988.230276 131
62988.563276 131
62989.005276 131
62989.406276 131
62989.694276 131
62990.156276 131
62990.528276 131
62990.920276 131
62991.238276 131
62991.772276 131
62992.067276 131
62992.389276 131
62992.846276 131
62993.278276 131
62993.574276 131
62994.104276 131
62994.423276 131
62994.793276 131
62995.133276 131
62995.605276 131
62995.894276 131
62996.271276 131
62996.770276 131
62997.128276 131
62997.448276 131
62997.980276 131
62998.254276 131
62998.643276 131
62999.058276 131
62999.450276 131
62999.735276 131
63000.130276 131
63000.588276 131
63000.995276 131
63001.304276 131
63001.754276 131
63002.170276 131
63002.524276 131
63002.873276 131
63003.298276 131
63003.577276 131
63003.951276 131
63004.244276 131
63004.592276 131
63005.000276 131
63005.444276 131
63005.756276 131
63006.253276 131
63006.708276 130
63007.067276 130
63007.478276 130
63007.912276 130
63008.193276 130
63008.714276 130
63009.092276 130
63009.448276 130
63009.854276 130
63010.342276 130
63010.661276 130
63011.073276 130
63011.486276 130
63011.917276 130
63012.242276 130
63012.720276 130
63013.045276 130
63013.557276 130
63014.066276 130
63014.486276 130
63014.867276 130
63015.287276 130
63015.605276 130
63016.099276 130
63016.427276 130
63016.806276 130
63017.257276 130
63017.814276 130
63018.143276 130
63018.622276 130
63018.973276 130
63019.369276 130
63019.841276 130
63020.233276 130
63020.554276 130
63021.027276 130
63021.410276 130
63021.814276 130
63022.115276 130
63022.686276 130
63022.955276 130
63023.406276 130
63023.756276 130
63024.140276 130
63024.445276 130
63024.802276 130
63025.154276 130
63025.640276 130
63025.970276 130
63026.375276 130
63026.788276 129
63027.294276 129
63027.632276 129
63028.129276 129
63028.484276 129
63028.810276 129
63029.207276 129
63029.718276 129
63030.029276 129
63030.437276 129
63030.834276 129
63031.245276 129
63031.597276 129
63032.107276 129
63032.471276 129
63032.922276 129
63033.351276 129
63033.744276 129
63034.009276 129
63034.559276 129
63034.872276 129
63035.331276 129
63035.761276 129
63036.138276 129
63036.478276 129
63037.050276 129
63037.369276 129
63037.842276 129
63038.271276 129
63038.586276 129
63038.924276 129
63039.426276 129
63039.714276 129
63040.073276 129
63040.495276 129
63040.898276 129
63041.260276 129
63041.793276 129
63042.131276 129
63042.575276 129
63042.937276 129
63043.303276 129
63043.582276 129
63043.979276 128
63044.299276 128
63044.668276 128
63045.057276 128
63045.447276 128
63045.762276 128
63046.162276 128
63046.616276 128
63047.016276 128
63047.314276 128
63047.889276 128
63048.177276 128
63048.540276 128
63049.032276 128
63049.389276 128
63049.829276 128
63050.373276 128
63050.652276 128
63051.145276 128
63051.652276 128
63052.034276 128
63052.465276 128
63052.951276 128
63053.273276 128
63053.794276 128
63054.160276 128
63054.510276 128
63054.926276 128
63055.370276 128
63055.689276 128
63056.083276 128
63056.483276 128
63056.863276 127
63057.139276 127
63057.473276 127
63057.731276 127
63058.101276 127
63058.377276 127
63058.935276 127
63059.242276 127
63059.707276 127
63060.164276 127
63060.506276 127
63060.822276 127
63061.142276 127
63061.694276 127
63062.125276 127
63062.399276 127
63062.811276 127
63063.087276 127
63063.484276 127
63063.756276 127
63064.126276 127
63064.398276 127
63064.780276 127
63065.043276 127
63065.530276 127
63065.908276 127
63066.307276 127
63066.594276 127
63067.018276 127
63067.351276 127
63067.867276 127
63068.208276 127
63068.604276 127
63069.100276 127
63069.480276 127
63070.267276 126
63070.637276 126
63070.960276 126
63071.206276 126
63071.717276 126
63072.080276 126
63072.471276 126
63072.783276 126
63073.158276 126
63073.600276 126
63074.058276 126
63074.330276 126
63074.691276 126
63074.969276 126
63075.357276 126
63075.780276 126
63076.192276 126
63076.498276 126
63077.069276 126
63077.366276 126
63077.682276 126
63078.012276 126
63078.470276 126
63078.935276 126
63079.294276 126
63079.592276 126
63079.920276 126
63080.210276 126
63080.780276 126
63081.046276 126
63081.406276 126
63081.674276 126
63082.058276 126
63082.379276 126
63082.820276 126
63083.109276 126
63083.488276 126
63083.772276 125
63084.155276 125
63084.539276 125
63084.990276 125
63085.318276 125
63085.652276 125
63086.006276 125
63086.372276 125
63086.798276 125
63087.175276 125
63087.454276 125
63087.834276 125
63088.126276 125
63088.694276 125
63089.039276 125
63089.385276 125
63089.687276 125
63090.089276 125
63090.522276 125
63090.975276 125
63091.326276 125
63091.642276 125
63091.942276 125
63092.407276 125
63092.815276 125
63093.213276 125
63093.498276 125
63093.970276 125
63094.277276 125
63094.658276 125
63094.977276 125
63095.430276 125
63095.885276 125
63096.222276 125
63096.514276 125
63097.113276 124
63097.385276 124
63097.754276 124
63098.215276 124
63098.641276 124
63098.948276 124
63099.458276 124
63099.849276 124
63100.203276 124
63100.594276 124
63101.059276 124
63101.369276 124
63102.013276 124
63102.312276 124
63102.637276 124
63102.936276 124
63103.378276 124
63103.687276 124
63104.028276 124
63104.382276 124
63104.817276 124
63105.221276 124
63105.615276 124
63105.917276 124
63106.498276 124
63106.827276 124
63107.209276 124
63108.195276 124
63108.532276 124
63109.094276 123
63109.379276 123
63109.805276 123
63110.319276 123
63110.676276 123
63111.231276 123
63111.762276 123
63112.064276 123
63112.552276 123
63112.923276 123
63113.299276 123
63113.644276 123
63114.168276 123
63114.435276 123
63114.976276 123
63115.367276 123
63115.769276 123
63116.138276 123
63116.597276 123
63116.966276 123
63117.353276 123
63117.861276 123
63118.245276 123
63118.530276 123
63119.134276 123
63119.436276 123
63119.788276 123
63120.327276 123
63120.683276 122
63121.013276 122
63121.594276 122
63121.864276 122
63122.254276 122
63122.561276 122
63123.007276 122
63123.286276 122
63123.692276 122
63124.065276 122
63124.490276 122
63124.887276 122
63125.266276 122
63125.743276 122
63126.214276 122
63126.467276 122
63126.827276 122
63127.150276 122
63127.652276 122
63128.044276 122
63128.628276 122
63128.951276 122
63129.259276 122
63129.786276 122
63130.095276 122
63130.426276 122
63130.733276 121
63131.095276 121
63131.506276 121
63132.046276 121
63132.302276 121
63132.928276 121
63133.445276 121
63133.871276 121
63134.209276 121
63134.466276 121
63134.888276 121
63135.167276 121
63135.691276 121
63136.021276 121
63136.351276 121
63136.664276 121
63137.011276 121
63137.352276 121
63137.871276 121
63138.187276 121
63138.550276 121
63138.957276 121
63139.458276 121
63139.756276 120
63140.307276 120
63140.644276 120
63140.986276 120
63141.442276 120
63141.893276 120
63142.159276 120
63142.533276 120
63142.884276 120
63143.243276 120
63143.523276 120
63143.884276 120
63144.235276 120
63144.842276 120
63145.128276 120
63145.476276 120
63145.979276 120
63146.314276 120
63146.623276 120
63147.187276 120
63147.483276 120
63147.882276 119
63148.163276 119
63148.700276 119
63149.051276 119
63149.419276 119
63149.781276 119
63150.239276 119
63150.572276 119
63151.037276 119
63151.430276 119
63151.813276 119
63152.098276 119
63152.654276 119
63152.946276 119
63153.339276 119
63153.839276 119
63154.162276 119
63154.500276 119
63155.044276 118
63155.375276 118
63155.833276 118
63156.396276 118
63156.727276 118
63157.059276 118
63157.555276 118
63157.880276 118
63158.210276 118
63158.605276 118
63159.084276 118
63159.354276 118
63159.771276 118
63160.059276 118
63160.539276 118
63160.992276 117
63161.341276 117
63161.669276 117
63162.004276 117
63162.361276 117
63162.784276 117
63163.077276 117
63163.393276 117
63163.720276 117
63164.084276 117
63164.435276 117
63164.915276 117
63165.243276 117
63165.665276 117
63165.938276 117
63166.360276 117
63166.795276 116
63167.207276 116
63167.464276 116
63167.794276 116
63168.154276 116
63168.633276 116
63169.055276 116
63169.411276 116
63169.784276 116
63170.272276 116
63170.566276 116
63170.950276 115
63171.378276 115
63171.833276 115
63172.267276 115
63172.691276 115
63173.029276 115
63173.448276 115
63173.908276 115
63174.341276 115
63174.680276 114
63175.215276 114
63175.452276 114
63175.851276 114
63176.343276 114
63176.657276 114
63176.945276 114
63177.291276 114
63177.704276 114
63178.058276 114
63178.398276 114
63178.778276 114
63179.065276 114
63179.551276 114
63179.945276 114
63180.325276 114
63180.620276 113
63181.188276 113
63181.481276 113
63181.875276 113
63182.218276 113
63182.589276 113
63182.900276 113
63183.214276 113
63183.503276 113
63183.853276 113
63184.157276 113
63184.721276 113
63185.042276 113
63185.406276 113
63185.846276 113
63186.245276 113
63186.521276 113
63186.901276 113
63187.210276 113
63187.686276 112
63188.054276 112
63188.400276 112
63188.730276 112
63189.089276 112
63189.528276 112
63189.983276 112
63190.291276 112
63190.638276 112
63190.956276 112
63191.368276 112
63191.793276 112
63192.181276 112
63192.451276 112
63192.795276 112
63193.076276 112
63193.543276 112
63193.939276 112
63194.263276 112
63194.533276 112
63194.933276 112
63195.244276 112
63195.708276 111
63196.077276 111
63196.693276 111
63197.030276 111
63197.373276 111
63197.861276 111
63198.135276 111
63198.468276 111
63198.789276 111
63199.137276 111
63199.622276 111
63200.065276 111
63200.332276 111
63200.719276 111
63200.983276 111
63201.355276 111
63201.794276 111
63202.152276 111
63202.438276 111
63202.836276 111
63203.464276 111
63203.758276 110
63204.152276 110
63204.497276 110
63204.991276 110
63205.344276 110
63205.689276 110
63206.015276 110
63206.431276 110
63206.868276 110
63207.301276 110
63207.599276 110
63208.003276 110
63208.278276 110
63208.886276 110
63209.219276 110
63209.573276 110
63209.941276 110
63210.279276 110
63210.798276 110
63211.111276 110
63211.384276 110
63211.725276 110
63212.041276 110
63212.467276 110
63212.934276 109
63213.314276 109
63213.568276 109
63213.932276 109
63214.220276 109
63214.794276 109
63215.172276 109
63215.534276 109
63215.989276 109
63216.441276 109
63216.740276 109
63217.322276 109
63217.598276 109
63218.009276 109
63218.328276 109
63218.900276 109
63219.224276 109
63219.545276 109
63219.873276 109
63220.236276 109
63220.684276 108
63221.132276 108
63221.506276 108
63222.162276 108
63222.506276 108
63222.830276 108
63223.191276 108
63223.537276 108
63223.842276 108
63224.163276 108
63224.477276 108
63224.800276 108
63225.119276 108
63225.531276 108
63225.945276 108
63226.278276 108
63226.597276 107
63227.167276 107
63227.464276 107
63227.943276 107
63228.399276 107
63228.756276 107
63229.106276 107
63229.625276 107
63229.913276 107
63230.234276 107
63230.608276 107
63231.038276 107
63231.306276 107
63231.760276 107
63232.166276 107
63232.485276 107
63232.762276 106
63233.198276 106
63233.714276 106
63234.108276 106
63234.438276 106
63234.788276 106
63235.079276 106
63235.454276 106
63235.858276 106
63236.176276 106
63236.526276 106
63236.931276 106
63237.261276 106
63237.851276 105
63238.160276 105
63238.471276 105
63238.757276 105
63239.139276 105
63239.447276 105
63239.977276 105
63240.267276 105
63240.583276 105
63240.891276 105
63241.242276 105
63241.708276 105
63242.176276 105
63242.524276 105
63242.976276 105
63243.255276 105
63243.641276 104
63243.926276 104
63244.348276 104
63244.830276 104
63245.245276 104
63245.562276 104
63246.044276 104
63246.403276 104
63246.735276 104
63247.046276 104
63247.518276 104
63247.908276 104
63248.311276 104
63248.588276 104
63249.140276 103
63249.484276 103
63249.838276 103
63250.145276 103
63250.583276 103
63250.993276 103
63251.410276 103
63251.665276 103
63252.052276 103
63252.387276 103
63253.004276 103
63253.248276 103
63253.651276 103
63254.144276 103
63254.450276 103
63254.795276 102
63255.131276 102
63255.522276 102
63255.963276 102
63256.308276 102
63256.614276 102
63256.961276 102
63257.472276 102
63257.919276 102
63258.319276 102
63258.597276 102
63258.969276 102
63259.236276 102
63259.726276 101
63260.221276 101
63260.527276 101
63260.817276 101
63261.137276 101
63261.528276 101
63262.021276 101
63262.307276 101
63262.702276 101
63263.043276 101
63263.430276 101
63263.734276 101
63264.109276 101
63264.379276 101
63265.028276 101
63265.316276 101
63265.631276 100
63265.915276 100
63266.267276 100
63266.909276 100
63267.074276 100
63267.296276 100
63267.435276 100
63267.629276 100
63267.806276 100
63268.020276 100
63268.170276 100
63268.533276 100
63268.786276 100
63268.976276 100
63269.132276 100
63269.340276 100
63269.539276 100
63269.674276 100
63269.829276 100
63269.976276 100
63270.106276 100
63270.352276 100
63270.615276 100
63270.927276 100
63271.128276 100
63271.335276 100
63271.463276 100
63271.671276 99
63271.849276 99
63272.063276 99
63272.255276 99
63272.618276 99
63272.806276 99
63273.066276 99
63273.203276 99
63273.402276 99
63273.537276 99
63273.782276 99
63273.928276 99
63274.157276 99
63274.370276 99
63274.707276 99
63274.874276 99
63275.144276 99
63275.286276 99
63275.498276 99
63275.645276 99
63275.891276 99
63276.029276 99
63276.236276 99
63276.533276 99
63276.859276 99
63277.008276 99
63277.250276 99
63277.387276 99
63277.575276 99
63277.719276 98
63277.926276 98
63278.073276 98
63278.379276 98
63278.611276 98
63278.890276 98
63279.045276 98
63279.266276 98
63279.416276 98
63279.634276 98
63279.851276 98
63280.010276 98
63280.217276 98
63280.492276 98
63280.816276 98
63280.949276 98
63281.169276 98
63281.293276 98
63281.479276 98
63281.726276 98
63281.886276 98
63282.085276 98
63282.262276 98
63282.532276 98
63282.674276 98
63282.990276 98
63283.177276 98
63283.325276 98
63283.536276 98
63283.703276 97
63283.890276 97
63284.041276 97
63284.240276 97
63284.523276 97
63284.778276 97
63284.975276 97
63285.181276 97
63285.313276 97
63285.608276 97
63285.753276 97
63285.931276 97
63286.081276 97
63286.300276 97
63286.542276 97
63286.889276 97
63287.093276 97
63287.293276 97
63287.439276 97
63287.636276 97
63287.791276 97
63287.979276 97
63288.119276 97
63288.348276 97
63288.525276 97
63288.783276 97
63288.926276 97
63289.143276 97
63289.280276 97
63289.471276 97
63289.648276 97
63289.871276 97
63290.031276 97
63290.355276 97
63290.611276 96
63290.927276 96
63291.085276 96
63291.281276 96
63291.426276 96
63291.673276 96
63291.825276 96
63292.019276 96
63292.153276 96
63292.445276 96
63292.623276 96
63292.966276 96
63293.093276 96
63293.287276 96
63293.428276 96
63293.652276 96
63293.795276 96
63294.034276 96
63294.199276 96
63294.439276 96
63294.698276 96
63294.988276 96
63295.128276 96
63295.310276 96
63295.509276 96
63295.683276 96
63295.810276 96
63296.020276 96
63296.146276 96
63296.449276 96
63296.630276 95
63296.904276 95
63297.043276 95
63297.273276 95
63297.400276 95
63297.631276 95
63297.769276 95
63297.951276 95
63298.082276 95
63298.371276 95
63298.624276 95
63298.922276 95
63299.062276 95
63299.256276 95
63299.433276 95
63299.640276 95
63299.770276 95
63299.972276 95
63300.129276 95
63300.371276 95
63300.623276 95
63300.899276 95
63301.046276 95
63301.323276 95
63301.525276 95
63301.759276 95
63301.927276 95
63302.169276 95
63302.335276 95
63302.530276 95
63302.678276 95
63302.883276 95
63303.031276 95
63303.241276 95
63303.383276 95
63303.588276 95
63303.709276 95
63303.944276 95
63304.122276 95
63304.350276 95
63304.519276 95
63304.801276 94
63304.937276 94
63305.204276 94
63305.350276 94
63305.566276 94
63305.703276 94
63305.895276 94
63306.111276 94
63306.358276 94
63306.534276 94
63306.873276 94
63307.019276 94
63307.223276 94
63307.366276 94
63307.593276 94
63307.736276 94
63307.964276 94
63308.153276 94
63308.368276 94
63308.539276 94
63308.874276 94
63309.022276 94
63309.235276 94
63309.437276 94
63309.644276 94
63309.789276 94
63309.996276 94
63310.166276 94
63310.457276 94
63310.623276 94
63310.905276 94
63311.039276 94
63311.274276 94
63311.432276 94
63311.653276 93
63311.790276 93
63312.058276 93
63312.204276 93
63312.442276 93
63312.789276 93
63312.966276 93
63313.115276 93
63313.350276 93
63313.499276 93
63313.707276 93
63313.860276 93
63314.080276 93
63314.245276 93
63314.531276 93
63314.796276 93
63314.998276 93
63315.139276 93
63315.390276 93
63315.527276 93
63315.742276 93
63315.891276 93
63316.122276 93
63316.271276 93
63316.530276 93
63316.983276 93
63317.122276 93
63317.367276 93
63317.526276 93
63317.743276 93
63317.948276 93
63318.166276 93
63318.366276 93
63318.633276 93
63318.897276 93
63319.097276 93
63319.237276 93
63319.456276 93
63319.611276 92
63319.802276 92
63320.003276 92
63320.212276 92
63320.371276 92
63320.714276 92
63320.868276 92
63321.078276 92
63321.224276 92
63321.446276 92
63321.653276 92
63321.852276 92
63322.013276 92
63322.216276 92
63322.386276 92
63322.623276 92
63322.822276 92
63323.012276 92
63323.147276 92
63323.362276 92
63323.524276 92
63323.716276 92
63323.852276 92
63324.086276 92
63324.213276 92
63324.519276 92
63324.774276 92
63324.970276 92
63325.109276 92
63325.353276 92
63325.514276 92
63325.765276 92
63325.955276 92
63326.162276 92
63326.367276 92
63326.792276 92
63326.947276 92
63327.212276 92
63327.372276 92
63327.574276 92
63327.706276 91
63327.962276 91
63328.124276 91
63328.375276 91
63328.638276 91
63328.886276 91
63329.033276 91
63329.248276 91
63329.395276 91
63329.592276 91
63329.711276 91
63329.935276 91
63330.071276 91
63330.268276 91
63330.541276 91
63330.808276 91
63330.936276 91
63331.186276 91
63331.334276 91
63331.532276 91
63331.756276 91
63331.967276 91
63332.124276 91
63332.339276 91
63332.560276 91
63332.816276 91
63332.991276 91
63333.247276 91
63333.383276 91
63333.581276 91
63333.711276 91
63333.987276 91
63334.123276 91
63334.374276 91
63334.627276 91
63334.881276 91
63335.061276 91
63335.269276 91
63335.416276 91
63335.621276 91
63335.765276 91
63336.165276 91
63336.451276 91
63336.631276 90
63336.902276 90
63337.110276 90
63337.259276 90
63337.466276 90
63337.603276 90
63337.818276 90
63338.035276 90
63338.223276 90
63338.463276 90
63338.724276 90
63338.887276 90
63339.136276 90
63339.274276 90
63339.473276 90
63339.611276 90
63339.904276 90
63340.051276 90
63340.258276 90
63340.511276 90
63340.851276 90
63341.073276 90
63341.282276 90
63341.430276 90
63341.657276 90
63341.834276 90
63342.058276 90
63342.206276 90
63342.501276 90
63342.635276 90
63342.823276 90
63342.968276 90
63343.127276 90
63343.276276 90
63343.436276 90
63343.593276 90
63343.780276 90
63343.984276 90
63344.131276 90
63344.365276 90
63344.617276 89
63344.970276 89
63345.117276 89
63345.322276 89
63345.457276 89
63345.650276 89
63345.846276 89
63346.054276 89
63346.191276 89
63346.459276 89
63346.718276 89
63346.970276 89
63347.190276 89
63347.595276 89
63347.952276 89
63348.161276 89
63348.352276 89
63348.607276 89
63348.781276 89
63349.067276 89
63349.274276 89
63349.411276 89
63349.630276 89
63349.807276 89
63350.025276 89
63350.162276 89
63350.442276 89
63350.609276 89
63350.884276 89
63351.061276 89
63351.259276 89
63351.417276 89
63351.658276 89
63351.804276 89
63352.044276 89
63352.450276 89
63352.702276 88
63352.970276 88
63353.103276 88
63353.293276 88
63353.450276 88
63353.689276 88
63353.825276 88
63354.014276 88
63354.161276 88
63354.622276 88
63354.922276 88
63355.122276 88
63355.270276 88
63355.471276 88
63355.639276 88
63355.826276 88
63356.011276 88
63356.232276 88
63356.428276 88
63356.683276 88
63356.849276 88
63357.080276 88
63357.219276 88
63357.427276 88
63357.640276 88
63357.843276 88
63358.116276 88
63358.259276 88
63358.531276 88
63358.837276 88
63359.048276 88
63359.208276 88
63359.398276 88
63359.577276 88
63359.771276 88
63359.938276 88
63360.211276 88
63360.369276 88
63360.628276 88
63360.928276 88
63361.098276 88
63361.238276 88
63361.398276 88
63361.578276 88
63361.771276 87
63361.907276 87
63362.120276 87
63362.309276 87
63362.546276 87
63362.685276 87
63362.919276 87
63363.066276 87
63363.266276 87
63363.404276 87
63363.622276 87
63363.754276 87
63363.954276 87
63364.114276 87
63364.347276 87
63364.604276 87
63364.912276 87
63365.060276 87
63365.262276 87
63365.411276 87
63365.651276 87
63365.806276 87
63366.117276 87
63366.275276 87
63366.626276 87
63366.812276 87
63367.016276 87
63367.154276 87
63367.340276 87
63367.474276 87
63367.696276 87
63367.831276 87
63368.034276 87
63368.219276 87
63368.458276 87
63368.628276 87
63368.948276 87
63369.094276 87
63369.410276 87
63369.566276 87
63369.760276 86
63369.885276 86
63370.155276 86
63370.444276 86
63370.614276 86
63370.872276 86
63371.031276 86
63371.240276 86
63371.438276 86
63371.663276 86
63371.853276 86
63372.003276 86
63372.179276 86
63372.320276 86
63372.669276 86
63372.889276 86
63373.087276 86
63373.226276 86
63373.466276 86
63373.620276 86
63373.819276 86
63373.996276 86
63374.201276 86
63374.365276 86
63374.624276 86
63374.793276 86
63374.989276 86
63375.117276 86
63375.348276 86
63375.497276 86
63375.694276 86
63375.839276 86
63376.074276 86
63376.395276 86
63376.785276 86
63376.928276 86
63377.126276 86
63377.264276 86
63377.495276 86
63377.689276 85
63377.845276 85
63378.062276 85
63378.201276 85
63378.538276 85
63378.717276 85
63378.966276 85
63379.122276 85
63379.362276 85
63379.506276 85
63379.710276 85
63379.850276 85
63380.095276 85
63380.231276 85
63380.546276 85
63380.801276 85
63381.023276 85
63381.159276 85
63381.413276 85
63381.562276 85
63381.811276 85
63382.012276 85
63382.211276 85
63382.367276 85
63382.581276 85
63382.778276 85
63383.007276 85
63383.147276 85
63383.388276 85
63383.534276 85
63383.731276 85
63383.866276 85
63384.174276 85
63384.338276 85
63384.674276 85
63384.836276 85
63385.065276 85
63385.218276 85
63385.481276 85
63385.727276 85
63385.954276 85
63386.094276 85
63386.301276 85
63386.428276 85
63386.696276 84
63386.838276 84
63387.047276 84
63387.226276 84
63387.530276 84
63387.708276 84
63387.970276 84
63388.120276 84
63388.306276 84
63388.453276 84
63388.668276 84
63388.906276 84
63389.167276 84
63389.344276 84
63389.601276 84
63389.767276 84
63389.998276 84
63390.144276 84
63390.333276 84
63390.473276 84
63390.705276 84
63390.848276 84
63391.070276 84
63391.251276 84
63391.546276 84
63391.764276 84
63391.972276 84
63392.112276 84
63392.324276 84
63392.499276 84
63392.705276 84
63392.847276 84
63393.070276 84
63393.241276 84
63393.546276 84
63393.810276 84
63394.007276 84
63394.144276 84
63394.343276 84
63394.510276 84
63394.725276 84
63394.861276 84
63395.088276 84
63395.223276 84
63395.525276 84
63395.723276 83
63395.952276 83
63396.079276 83
63396.279276 83
63396.465276 83
63396.682276 83
63396.829276 83
63397.099276 83
63397.256276 83
63397.514276 83
63397.692276 83
63397.949276 83
63398.107276 83
63398.399276 83
63398.635276 83
63398.850276 83
63398.986276 83
63399.234276 83
63399.435276 83
63399.804276 83
63399.938276 83
63400.131276 83
63400.262276 83
63400.575276 83
63400.739276 83
63401.072276 83
63401.205276 83
63401.405276 83
63401.565276 83
63401.827276 83
63402.047276 83
63402.252276 83
63402.474276 83
63402.673276 83
63402.843276 83
63403.076276 83
63403.215276 83
63403.432276 83
63403.579276 83
63403.815276 83
63404.017276 83
63404.275276 83
63404.530276 83
63404.766276 82
63404.909276 82
63405.142276 82
63405.291276 82
63405.540276 82
63405.803276 82
63406.073276 82
63406.211276 82
63406.594276 82
63406.741276 82
63406.979276 82
63407.116276 82
63407.360276 82
63407.526276 82
63407.872276 82
63408.008276 82
63408.194276 82
63408.407276 82
63408.824276 82
63409.115276 82
63409.264276 82
63409.545276 82
63409.800276 82
63409.995276 82
63410.138276 82
63410.334276 82
63410.465276 82
63410.660276 82
63410.812276 82
63411.076276 82
63411.216276 82
63411.438276 82
63411.697276 82
63411.910276 82
63412.036276 82
63412.264276 82
63412.422276 82
63412.632276 82
63412.770276 82
63413.025276 82
63413.172276 82
63413.447276 82
63413.700276 81
63413.918276 81
63414.045276 81
63414.276276 81
63414.417276 81
63414.607276 81
63414.761276 81
63415.090276 81
63415.258276 81
63415.638276 81
63415.866276 81
63416.085276 81
63416.287276 81
63416.468276 81
63416.604276 81
63416.851276 81
63417.000276 81
63417.357276 81
63417.524276 81
63417.995276 81
63418.243276 81
63418.399276 81
63418.594276 81
63418.727276 81
63418.941276 81
63419.084276 81
63419.434276 81
63419.695276 81
63419.932276 81
63420.080276 81
63420.320276 81
63420.458276 81
63420.662276 81
63420.807276 81
63421.051276 81
63421.201276 81
63421.574276 81
63421.783276 81
63421.998276 81
63422.180276 81
63422.386276 81
63422.523276 81
63422.784276 81
63422.934276 81
63423.189276 81
63423.316276 81
63423.609276 80
63423.755276 80
63423.961276 80
63424.162276 80
63424.383276 80
63424.521276 80
63424.780276 80
63424.934276 80
63425.129276 80
63425.324276 80
63425.661276 80
63425.827276 80
63426.026276 80
63426.164276 80
63426.366276 80
63426.539276 80
63426.768276 80
63426.926276 80
63427.156276 80
63427.380276 80
63427.713276 80
63427.923276 80
63428.173276 80
63428.334276 80
63428.532276 80
63428.678276 80
63428.895276 80
63429.042276 80
63429.312276 80
63429.538276 80
63429.798276 80
63429.938276 80
63430.181276 80
63430.320276 80
63430.532276 80
63430.742276 80
63430.952276 80
63431.112276 80
63431.352276 80
63431.606276 80
63431.859276 80
63431.992276 80
63432.232276 80
63432.379276 80
63432.575276 80
63432.713276 80
63432.952276 80
63433.107276 80
63433.468276 80
63433.716276 79
63433.930276 79
63434.117276 79
63434.315276 79
63434.463276 79
63434.660276 79
63434.825276 79
63435.018276 79
63435.259276 79
63435.624276 79
63435.798276 79
63436.049276 79
63436.178276 79
63436.372276 79
63436.508276 79
63436.754276 79
63436.889276 79
63437.098276 79
63437.457276 79
63437.788276 79
63437.924276 79
63438.177276 79
63438.347276 79
63438.525276 79
63438.705276 79
63438.920276 79
63439.059276 79
63439.260276 79
63439.438276 79
63439.701276 79
63439.957276 79
63440.211276 79
63440.332276 79
63440.507276 79
63440.685276 79
63441.008276 79
63441.156276 79
63441.368276 79
63441.619276 79
63441.961276 79
63442.085276 79
63442.304276 79
63442.474276 79
63442.773276 78
63443.004276 78
63443.304276 78
63443.451276 78
63443.667276 78
63443.800276 78
63444.051276 78
63444.188276 78
63444.396276 78
63444.564276 78
63444.837276 78
63444.979276 78
63445.232276 78
63445.447276 78
63445.705276 78
63445.862276 78
63446.087276 78
63446.238276 78
63446.449276 78
63446.608276 78
63446.918276 78
63447.055276 78
63447.480276 78
63447.718276 78
63447.975276 78
63448.116276 78
63448.426276 78
63448.630276 78
63448.815276 78
63448.953276 78
63449.146276 78
63449.349276 78
63449.928276 78
63450.140276 78
63450.301276 78
63450.542276 78
63450.690276 78
63450.926276 78
63451.137276 78
63451.358276 78
63451.537276 78
63451.881276 78
63452.140276 78
63452.354276 78
63452.492276 78
63452.692276 78
63452.830276 78
63453.046276 78
63453.227276 78
63453.532276 78
63453.703276 77
63454.044276 77
63454.187276 77
63454.438276 77
63454.573276 77
63454.765276 77
63454.910276 77
63455.173276 77
63455.310276 77
63455.642276 77
63455.822276 77
63456.159276 77
63456.295276 77
63456.557276 77
63456.706276 77
63456.927276 77
63457.085276 77
63457.441276 77
63457.619276 77
63457.894276 77
63458.031276 77
63458.324276 77
63458.547276 77
63458.743276 77
63458.889276 77
63459.123276 77
63459.272276 77
63459.530276 77
63459.762276 77
63459.958276 77
63460.102276 77
63460.458276 77
63460.595276 77
63460.787276 77
63460.937276 77
63461.203276 77
63461.350276 77
63461.686276 77
63461.893276 77
63462.103276 77
63462.250276 77
63462.576276 77
63462.720276 77
63462.966276 77
63463.308276 77
63463.454276 77
63463.663276 77
63463.830276 77
63464.049276 77
63464.199276 77
63464.519276 77
63464.675276 76
63464.892276 76
63465.024276 76
63465.233276 76
63465.380276 76
63465.579276 76
63465.733276 76
63465.962276 76
63466.209276 76
63466.533276 76
63466.713276 76
63467.015276 76
63467.153276 76
63467.375276 76
63467.523276 76
63467.738276 76
63467.902276 76
63468.131276 76
63468.448276 76
63468.858276 76
63469.038276 76
63469.247276 76
63469.398276 76
63469.606276 76
63469.788276 76
63470.008276 76
63470.159276 76
63470.454276 76
63470.720276 76
63471.025276 76
63471.171276 76
63471.400276 76
63471.525276 76
63471.753276 76
63471.891276 76
63472.101276 76
63472.247276 76
63472.712276 76
63472.865276 76
63473.099276 76
63473.257276 76
63473.461276 76
63473.662276 76
63473.870276 76
63474.016276 76
63474.268276 76
63474.459276 76
63474.797276 76
63474.940276 76
63475.170276 76
63475.319276 76
63475.507276 76
63475.662276 76
63475.856276 76
63476.011276 76
63476.238276 76
63476.528276 76
63476.850276 75
63477.052276 75
63477.255276 75
63477.393276 75
63477.623276 75
63477.781276 75
63478.000276 75
63478.152276 75
63478.515276 75
63478.694276 75
63478.995276 75
63479.130276 75
63479.329276 75
63479.535276 75
63479.735276 75
63479.885276 75
63480.084276 75
63480.240276 75
63480.522276 75
63480.699276 75
63480.988276 75
63481.135276 75
63481.319276 75
63481.452276 75
63481.686276 75
63481.842276 75
63482.037276 75
63482.247276 75
63482.486276 75
63482.730276 75
63483.002276 75
63483.146276 75
63483.345276 75
63483.556276 75
63483.762276 75
63483.888276 75
63484.182276 75
63484.339276 75
63484.598276 75
63484.852276 75
63485.081276 75
63485.239276 75
63485.531276 75
63485.700276 75
63485.958276 75
63486.126276 75
63486.378276 75
63486.511276 75
63486.816276 75
63486.962276 75
63487.159276 75
63487.329276 75
63487.612276 75
63487.790276 75
63488.010276 75
63488.168276 75
63488.362276 75
63488.521276 75
63488.865276 74
63489.212276 74
63489.349276 74
63489.719276 74
63489.895276 74
63490.144276 74
63490.277276 74
63490.507276 74
63490.649276 74
63491.007276 74
63491.151276 74
63491.348276 74
63491.601276 74
63491.843276 74
63491.987276 74
63492.251276 74
63492.393276 74
63492.597276 74
63492.859276 74
63493.109276 74
63493.259276 74
63493.602276 74
63493.780276 74
63493.998276 74
63494.164276 74
63494.385276 74
63494.524276 74
63494.801276 74
63494.966276 74
63495.158276 74
63495.366276 74
63495.771276 74
63495.906276 74
63496.178276 74
63496.316276 74
63496.503276 74
63496.702276 74
63497.042276 74
63497.188276 74
63497.426276 74
63497.605276 74
63497.914276 74
63498.090276 74
63498.285276 74
63498.421276 74
63498.630276 74
63498.786276 74
63499.089276 74
63499.238276 74
63499.530276 74
63499.698276 74
63499.912276 74
63500.082276 74
63500.281276 74
63500.419276 74
63500.618276 74
63500.848276 74
63501.152276 74
63501.286276 74
63501.620276 73
63501.797276 73
63502.038276 73
63502.206276 73
63502.410276 73
63502.544276 73
63502.794276 73
63502.942276 73
63503.295276 73
63503.443276 73
63503.641276 73
63503.778276 73
63503.996276 73
63504.134276 73
63504.334276 73
63504.489276 73
63504.719276 73
63504.871276 73
63505.188276 73
63505.361276 73
63505.626276 73
63505.800276 73
63506.056276 73
63506.188276 73
63506.391276 73
63506.578276 73
63506.782276 73
63506.935276 73
63507.259276 73
63507.449276 73
63507.791276 73
63507.988276 73
63508.193276 73
63508.324276 73
63508.588276 73
63508.733276 73
63508.931276 73
63509.222276 73
63509.511276 73
63509.688276 73
63509.934276 73
63510.068276 73
63510.282276 73
63510.422276 73
63510.659276 73
63510.817276 73
63511.123276 73
63511.600276 73
63511.775276 73
63512.025276 73
63512.165276 73
63512.364276 73
63512.566276 73
63512.755276 73
63512.908276 73
63513.198276 73
63513.367276 73
63513.625276 73
63513.806276 73
63514.060276 73
63514.209276 73
63514.460276 73
63514.598276 73
63514.811276 73
63514.957276 73
63515.196276 73
63515.446276 73
63515.792276 72
63515.947276 72
63516.169276 72
63516.299276 72
63516.483276 72
63516.629276 72
63516.870276 72
63517.008276 72
63517.250276 72
63517.659276 72
63517.955276 72
63518.093276 72
63518.301276 72
63518.467276 72
63518.810276 72
63519.084276 72
63519.292276 72
63519.430276 72
63519.647276 72
63519.817276 72
63520.353276 72
63520.611276 72
63520.866276 72
63521.012276 72
63521.280276 72
63521.408276 72
63521.668276 72
63521.935276 72
63522.191276 72
63522.438276 72
63522.645276 72
63522.788276 72
63523.017276 72
63523.165276 72
63523.384276 72
63523.521276 72
63523.794276 72
63523.931276 72
63524.203276 72
63524.326276 72
63524.565276 72
63524.711276 72
63524.908276 72
63525.044276 72
63525.288276 72
63525.528276 72
63525.857276 72
63526.000276 72
63526.330276 72
63526.464276 72
63526.639276 72
63526.822276 72
63527.019276 72
63527.154276 72
63527.532276 72
63527.785276 72
63527.982276 72
63528.210276 72
63528.407276 72
63528.553276 72
63528.780276 72
63528.932276 72
63529.114276 72
63529.254276 72
63529.553276 72
63529.806276 72
63529.980276 72
63530.343276 72
63530.462276 72
63530.663276 72
63530.791276 72
63531.002276 72
63531.140276 72
63531.334276 72
63531.587276 71
63531.854276 71
63532.001276 71
63532.239276 71
63532.384276 71
63532.573276 71
63532.730276 71
63532.966276 71
63533.101276 71
63533.302276 71
63533.623276 71
63533.879276 71
63534.015276 71
63534.237276 71
63534.374276 71
63534.594276 71
63534.719276 71
63534.949276 71
63535.084276 71
63535.544276 71
63535.713276 71
63535.927276 71
63536.117276 71
63536.312276 71
63536.488276 71
63536.692276 71
63536.822276 71
63537.039276 71
63537.270276 71
63537.610276 71
63537.787276 71
63537.974276 71
63538.154276 71
63538.366276 71
63538.501276 71
63538.722276 71
63538.870276 71
63539.175276 71
63539.375276 71
63539.708276 71
63539.871276 71
63540.119276 71
63540.266276 71
63540.470276 71
63540.605276 71
63540.857276 71
63540.986276 71
63541.375276 71
63541.608276 71
63541.842276 71
63542.013276 71
63542.215276 71
63542.335276 71
63542.529276 71
63542.658276 71
63542.881276 71
63543.002276 71
63543.419276 71
63543.547276 71
63543.759276 71
63543.923276 71
63544.122276 71
63544.290276 71
63544.581276 71
63544.840276 71
63545.048276 71
63545.392276 71
63545.579276 71
63545.723276 71
63545.945276 71
63546.082276 71
63546.293276 71
63546.536276 71
63546.920276 71
63547.075276 71
63547.395276 71
63547.548276 71
63547.745276 71
63547.923276 71
63548.147276 71
63548.369276 71
63548.706276 71
63548.890276 71
63549.096276 71
63549.283276 71
63549.618276 70
63549.752276 70
63549.981276 70
63550.120276 70
63550.363276 70
63550.625276 70
63550.896276 70
63551.043276 70
63551.290276 70
63551.730276 70
63551.856276 70
63552.107276 70
63552.253276 70
63552.625276 70
63552.802276 70
63553.010276 70
63553.178276 70
63553.478276 70
63553.630276 70
63553.823276 70
63553.968276 70
63554.176276 70
63554.369276 70
63554.715276 70
63554.870276 70
63555.079276 70
63555.241276 70
63555.575276 70
63555.713276 70
63555.953276 70
63556.112276 70
63556.385276 70
63556.639276 70
63556.891276 70
63557.043276 70
63557.282276 70
63557.420276 70
63557.747276 70
63557.902276 70
63558.112276 70
63558.251276 70
63558.549276 70
63558.791276 70
63559.019276 70
63559.157276 70
63559.355276 70
63559.523276 70
63559.845276 70
63559.980276 70
63560.181276 70
63560.363276 70
63560.707276 70
63560.892276 70
63561.087276 70
63561.286276 70
63561.483276 70
63561.652276 70
63561.955276 70
63562.082276 70
63562.292276 70
63562.429276 70
63562.652276 70
63562.799276 70
63562.995276 70
63563.205276 70
63563.435276 70
63563.578276 70
63563.888276 70
63564.034276 70
63564.465276 70
63564.873276 70
63565.012276 70
63565.224276 70
63565.375276 70
63565.568276 70
63565.792276 70
63566.007276 70
63566.163276 70
63566.445276 70
63566.697276 70
63566.923276 70
63567.111276 70
63567.358276 70
63567.493276 70
63567.690276 70
63567.833276 70
63568.188276 70
63568.348276 70
63568.630276 69
63568.868276 69
63569.084276 69
63569.234276 69
63569.457276 69
63569.588276 69
63569.791276 69
63569.970276 69
63570.366276 69
63570.628276 69
63570.920276 69
63571.051276 69
63571.271276 69
63571.419276 69
63571.614276 69
63571.758276 69
63571.977276 69
63572.134276 69
63572.611276 69
63572.783276 69
63572.984276 69
63573.180276 69
63573.388276 69
63573.535276 69
63573.739276 69
63573.912276 69
63574.108276 69
63574.256276 69
63574.601276 69
63574.775276 69
63575.018276 69
63575.219276 69
63575.418276 69
63575.573276 69
63575.788276 69
63575.963276 69
63576.181276 69
63576.432276 69
63576.783276 69
63576.938276 69
63577.213276 69
63577.356276 69
63577.571276 69
63577.727276 69
63577.951276 69
63578.119276 69
63578.461276 69
63578.635276 69
63578.867276 69
63579.225276 69
63579.555276 69
63579.711276 69
63579.952276 69
63580.100276 69
63580.287276 69
63580.626276 69
63580.992276 69
63581.145276 69
63581.362276 69
63581.483276 69
63581.760276 69
63582.027276 69
63582.204276 69
63582.329276 69
63582.685276 69
63582.842276 69
63583.050276 69
63583.219276 69
63583.458276 69
63583.602276 69
63583.870276 69
63584.028276 69
63584.236276 69
63584.386276 69
63584.596276 69
63584.771276 69
63584.971276 69
63585.179276 69
63585.425276 69
63585.591276 69
63585.855276 69
63585.980276 69
63586.194276 69
63586.343276 69
63586.806276 69
63587.029276 69
63587.232276 69
63587.694276 69
63587.963276 69
63588.098276 69
63588.295276 69
63588.472276 69
63588.664276 68
63588.917276 68
63589.148276 68
63589.276276 68
63589.605276 68
63589.779276 68
63589.986276 68
63590.132276 68
63590.402276 68
63590.538276 68
63590.871276 68
63591.063276 68
63591.386276 68
63591.863276 68
63592.006276 68
63592.204276 68
63592.415276 68
63592.619276 68
63592.763276 68
63593.108276 68
63593.283276 68
63593.554276 68
63593.807276 68
63593.995276 68
63594.173276 68
63594.445276 68
63594.613276 68
63594.825276 68
63594.952276 68
63595.286276 68
63595.539276 68
63595.880276 68
63596.037276 68
63596.247276 68
63596.418276 68
63596.621276 68
63596.766276 68
63596.983276 68
63597.143276 68
63597.520276 68
63597.775276 68
63597.997276 68
63598.134276 68
63598.353276 68
63598.481276 68
63598.712276 68
63598.906276 68
63599.109276 68
63599.279276 68
63599.695276 68
63599.851276 68
63600.045276 68
63600.182276 68
63600.421276 68
63600.569276 68
63600.774276 68
63600.909276 68
63601.171276 68
63601.368276 68
63601.793276 68
63601.931276 68
63602.129276 68
63602.321276 68
63602.526276 68
63602.681276 68
63602.982276 68
63603.160276 68
63603.353276 68
63603.498276 68
63603.817276 68
63603.953276 68
63604.196276 68
63604.332276 68
63604.561276 68
63604.738276 68
63605.126276 68
63605.265276 68
63605.473276 68
63605.741276 68
63605.953276 68
63606.088276 68
63606.342276 68
63606.519276 68
63606.774276 68
63607.016276 68
63607.236276 68
63607.371276 68
63607.600276 67
63607.856276 67
63608.050276 67
63608.263276 67
63608.532276 67
63608.709276 67
63608.976276 67
63609.116276 67
63609.334276 67
63609.532276 67
63609.898276 67
63610.032276 67
63610.280276 67
63610.457276 67
63610.732276 67
63610.922276 67
63611.130276 67
63611.290276 67
63611.540276 67
63611.696276 67
63612.009276 67
63612.195276 67
63612.454276 67
63612.630276 67
63612.895276 67
63613.029276 67
63613.235276 67
63613.448276 67
63613.672276 67
63613.832276 67
63614.369276 67
63614.622276 67
63615.014276 67
63615.172276 67
63615.362276 67
63615.570276 67
63615.766276 67
63615.933276 67
63616.276276 67
63616.477276 67
63616.745276 67
63616.944276 67
63617.156276 67
63617.296276 67
63617.533276 67
63617.677276 67
63617.894276 67
63618.160276 67
63618.448276 67
63618.708276 67
63618.955276 67
63619.082276 67
63619.291276 67
63619.504276 67
63619.687276 67
63619.831276 67
63620.096276 67
63620.373276 67
63620.706276 67
63620.906276 67
63621.101276 67
63621.241276 67
63621.477276 67
63621.612276 67
63621.828276 67
63621.978276 67
63622.190276 67
63622.341276 67
63622.572276 67
63622.731276 67
63622.972276 67
63623.112276 67
63623.311276 67
63623.469276 67
63623.665276 67
63623.820276 67
63624.083276 67
63624.232276 67
63624.621276 67
63624.882276 67
63625.070276 67
63625.204276 67
63625.439276 67
63625.583276 67
63625.794276 67
63625.926276 67
63626.158276 67
63626.445276 67
63626.701276 66
63626.899276 66
63627.107276 66
63627.312276 66
63627.495276 66
63627.625276 66
63627.823276 66
63628.040276 66
63628.540276 66
63628.860276 66
63628.995276 66
63629.188276 66
63629.369276 66
63629.588276 66
63629.721276 66
63629.921276 66
63630.093276 66
63630.295276 66
63630.628276 66
63630.894276 66
63631.032276 66
63631.271276 66
63631.419276 66
63631.616276 66
63631.740276 66
63631.978276 66
63632.110276 66
63632.386276 66
63632.867276 66
63633.077276 66
63633.226276 66
63633.462276 66
63633.611276 66
63633.868276 66
63634.097276 66
63634.294276 66
63634.439276 66
63634.827276 66
63634.961276 66
63635.176276 66
63635.419276 66
63635.684276 66
63635.927276 66
63636.136276 66
63636.284276 66
63636.645276 66
63636.801276 66
63637.033276 66
63637.194276 66
63637.445276 66
63637.624276 66
63637.936276 66
63638.074276 66
63638.266276 66
63638.524276 66
63638.763276 66
63638.898276 66
63639.152276 66
63639.311276 66
63639.629276 66
63639.912276 66
63640.114276 66
63640.263276 66
63640.463276 66
63640.723276 66
63640.923276 66
63641.070276 66
63641.276276 66
63641.758276 66
63642.007276 66
63642.209276 66
63642.363276 66
63642.636276 66
63642.917276 66
63643.107276 66
63643.266276 66
63643.461276 66
63643.607276 66
63643.880276 66
63644.016276 66
63644.235276 66
63644.384276 66
63644.740276 65
63644.883276 65
63645.140276 65
63645.287276 65
63645.516276 65
63645.694276 65
63646.020276 65
63646.157276 65
63646.422276 65
63646.569276 65
63646.761276 65
63647.088276 65
63647.297276 65
63647.551276 65
63647.874276 65
63648.031276 65
63648.237276 65
63648.355276 65
63648.602276 65
63648.743276 65
63649.143276 65
63649.279276 65
63649.610276 65
63649.846276 65
63650.053276 65
63650.193276 65
63650.424276 65
63650.573276 65
63650.779276 65
63650.936276 65
63651.265276 65
63651.455276 65
63651.769276 65
63651.914276 65
63652.110276 65
63652.251276 65
63652.525276 65
63652.673276 65
63652.876276 65
63653.041276 65
63653.367276 65
63653.544276 65
63653.876276 65
63654.012276 65
63654.244276 65
63654.395276 65
63654.615276 65
63654.747276 65
63655.020276 65
63655.177276 65
63655.600276 65
63655.848276 65
63656.055276 65
63656.201276 65
63656.422276 65
63656.577276 65
63656.779276 65
63656.926276 65
63657.293276 65
63657.725276 65
63657.894276 65
63658.093276 65
63658.241276 65
63658.505276 65
63658.688276 65
63658.969276 65
63659.336276 65
63659.501276 65
63659.708276 65
63659.979276 65
63660.187276 65
63660.438276 65
63660.696276 65
63660.883276 65
63661.124276 65
63661.262276 65
63661.459276 65
63661.647276 65
63661.838276 65
63662.122276 65
63662.313276 65
63662.502276 65
63662.698276 65
63662.875276 65
63663.096276 65
63663.231276 65
63663.438276 65
63663.580276 65
63663.844276 64
63664.146276 64
63664.453276 64
63664.717276 64
63664.944276 64
63665.080276 64
63665.282276 64
63665.418276 64
63665.613276 64
63665.769276 64
63665.970276 64
63666.291276 64
63666.613276 64
63666.789276 64
63667.052276 64
63667.200276 64
63667.423276 64
63667.633276 64
63667.838276 64
63667.986276 64
63668.247276 64
63668.555276 64
63668.950276 64
63669.085276 64
63669.283276 64
63669.445276 64
63669.724276 64
63669.860276 64
63670.066276 64
63670.213276 64
63670.962276 64
63671.157276 64
63671.296276 64
63671.552276 64
63671.687276 64
63671.889276 64
63672.061276 64
63672.553276 64
63672.909276 64
63673.152276 64
63673.364276 64
63673.544276 64
63673.731276 64
63673.872276 64
63674.087276 64
63674.295276 64
63674.559276 64
63674.732276 64
63675.017276 64
63675.306276 64
63675.578276 64
63675.721276 64
63675.946276 64
63676.070276 64
63676.364276 64
63676.531276 64
63676.848276 64
63676.982276 64
63677.179276 64
63677.493276 64
63677.711276 64
63677.845276 64
63678.073276 64
63678.233276 64
63678.463276 64
63678.643276 64
63678.928276 64
63679.073276 64
63679.282276 64
63679.563276 64
63679.756276 64
63679.910276 64
63680.188276 64
63680.348276 64
63680.605276 64
63680.803276 64
63681.013276 64
63681.163276 64
63681.361276 64
63681.570276 64
63681.777276 64
63681.923276 64
63682.184276 64
63682.331276 64
63682.564276 64
63682.720276 64
63682.917276 64
63683.044276 64
63683.230276 64
63683.512276 64
63683.717276 63
63683.863276 63
63684.150276 63
63684.337276 63
63684.599276 63
63684.795276 63
63684.994276 63
63685.145276 63
63685.519276 63
63685.653276 63
63685.873276 63
63686.096276 63
63686.346276 63
63686.514276 63
63686.838276 63
63686.963276 63
63687.196276 63
63687.456276 63
63687.659276 63
63687.807276 63
63688.056276 63
63688.204276 63
63688.450276 63
63688.809276 63
63689.008276 63
63689.147276 63
63689.481276 63
63689.616276 63
63689.832276 63
63690.028276 63
63690.246276 63
63690.446276 63
63690.790276 63
63690.923276 63
63691.138276 63
63691.443276 63
63691.641276 63
63691.779276 63
63691.977276 63
63692.150276 63
63692.378276 63
63692.646276 63
63692.940276 63
63693.066276 63
63693.435276 63
63693.581276 63
63693.790276 63
63694.001276 63
63694.200276 63
63694.364276 63
63694.716276 63
63694.902276 63
63695.092276 63
63695.230276 63
63695.611276 63
63695.740276 63
63695.963276 63
63696.112276 63
63696.353276 63
63696.615276 63
63696.852276 63
63696.987276 63
63697.179276 63
63697.451276 63
63697.645276 63
63697.789276 63
63698.030276 63
63698.177276 63
63698.448276 63
63698.702276 63
63698.916276 63
63699.043276 63
63699.277276 63
63699.588276 63
63699.782276 63
63699.962276 63
63700.161276 63
63700.298276 63
63700.708276 63
63700.885276 63
63701.079276 63
63701.242276 63
63701.611276 63
63701.818276 63
63702.045276 63
63702.224276 63
63702.452276 63
63702.662276 63
63702.954276 63
63703.094276 63
63703.338276 63
63703.465276 63
63703.779276 63
63703.983276 63
63704.192276 63
63704.338276 63
63704.758276 63
63704.937276 63
63705.194276 63
63705.330276 63
63705.539276 63
63705.887276 63
63706.095276 63
63706.598276 63
63706.774276 63
63706.985276 63
63707.176276 63
63707.400276 63
63707.540276 63
63707.737276 62
63708.018276 62
63708.237276 62
63708.458276 62
63708.915276 62
63709.288276 62
63709.485276 62
63709.622276 62
63709.981276 62
63710.125276 62
63710.361276 62
63710.706276 62
63710.931276 62
63711.067276 62
63711.273276 62
63711.419276 62
63711.639276 62
63711.850276 62
63712.211276 62
63712.454276 62
63712.704276 62
63712.864276 62
63713.138276 62
63713.290276 62
63713.492276 62
63713.703276 62
63713.896276 62
63714.043276 62
63714.369276 62
63714.623276 62
63714.874276 62
63715.007276 62
63715.226276 62
63715.377276 62
63715.569276 62
63715.729276 62
63715.989276 62
63716.136276 62
63716.451276 62
63716.867276 62
63717.116276 62
63717.252276 62
63717.446276 62
63717.591276 62
63717.822276 62
63717.992276 62
63718.186276 62
63718.421276 62
63718.867276 62
63719.068276 62
63719.271276 62
63719.431276 62
63719.650276 62
63719.798276 62
63720.010276 62
63720.159276 62
63720.530276 62
63720.857276 62
63721.062276 62
63721.208276 62
63721.416276 62
63721.616276 62
63721.960276 62
63722.111276 62
63722.391276 62
63722.528276 62
63722.741276 62
63722.907276 62
63723.142276 62
63723.366276 62
63723.573276 62
63723.803276 62
63724.000276 62
63724.148276 62
63724.410276 62
63724.568276 62
63724.787276 62
63725.044276 62
63725.242276 62
63725.445276 62
63725.788276 62
63726.154276 62
63726.323276 62
63726.526276 62
63726.667276 62
63726.886276 62
63727.176276 62
63727.437276 62
63727.687276 62
63727.893276 62
63728.040276 62
63728.291276 62
63728.432276 62
63728.615276 62
63728.750276 62
63728.991276 62
63729.292276 62
63729.721276 62
63729.919276 62
63730.116276 62
63730.255276 62
63730.455276 62
63730.610276 62
63730.827276 62
63731.018276 62
63731.385276 62
63731.564276 62
63732.014276 61
63732.200276 61
63732.389276 61
63732.594276 61
63732.727276 61
63732.996276 61
63733.121276 61
63733.532276 61
63733.793276 61
63733.983276 61
63734.122276 61
63734.406276 61
63734.546276 61
63734.757276 61
63734.938276 61
63735.124276 61
63735.273276 61
63735.634276 61
63735.877276 61
63736.058276 61
63736.256276 61
63736.451276 61
63736.606276 61
63736.838276 61
63736.996276 61
63737.195276 61
63737.364276 61
63737.907276 61
63738.094276 61
63738.286276 61
63738.431276 61
63738.663276 61
63738.848276 61
63739.146276 61
63739.290276 61
63739.479276 61
63739.617276 61
63739.952276 61
63740.138276 61
63740.432276 61
63740.684276 61
63740.947276 61
63741.095276 61
63741.297276 61
63741.443276 61
63741.640276 61
63741.923276 61
63742.197276 61
63742.355276 61
63742.635276 61
63742.873276 61
63743.070276 61
63743.204276 61
63743.409276 61
63743.577276 61
63743.788276 61
63744.152276 61
63744.355276 61
63744.522276 61
63744.780276 61
63744.927276 61
63745.122276 61
63745.258276 61
63745.488276 61
63745.645276 61
63746.057276 61
63746.213276 61
63746.445276 61
63746.612276 61
63746.850276 61
63746.997276 61
63747.206276 61
63747.382276 61
63747.590276 61
63747.743276 61
63748.102276 61
63748.262276 61
63748.553276 61
63748.809276 61
63749.049276 61
63749.197276 61
63749.478276 61
63749.623276 61
63749.829276 61
63750.107276 61
63750.354276 61
63750.520276 61
63750.855276 61
63750.983276 61
63751.177276 61
63751.365276 61
63751.601276 61
63751.725276 61
63751.915276 61
63752.218276 61
63752.455276 61
63752.636276 61
63752.946276 61
63753.095276 61
63753.366276 61
63753.509276 61
63753.715276 61
63754.026276 61
63754.221276 61
63754.431276 61
63754.774276 60
63754.907276 60
63755.125276 60
63755.283276 60
63755.488276 60
63755.625276 60
63755.964276 60
63756.104276 60
63756.355276 60
63756.533276 60
63756.857276 60
63756.994276 60
63757.255276 60
63757.402276 60
63757.599276 60
63757.742276 60
63758.078276 60
63758.239276 60
63758.521276 60
63758.694276 60
63758.902276 60
63759.050276 60
63759.290276 60
63759.411276 60
63759.612276 60
63759.746276 60
63760.106276 60
63760.255276 60
63760.512276 60
63760.776276 60
63760.985276 60
63761.186276 60
63761.376276 60
63761.524276 60
63761.705276 60
63761.995276 60
63762.204276 60
63762.373276 60
63762.581276 60
63762.748276 60
63762.997276 60
63763.125276 60
63763.376276 60
63763.504276 60
63763.846276 60
63763.979276 60
63764.174276 60
63764.332276 60
63764.528276 60
63764.792276 60
63765.122276 60
63765.269276 60
63765.477276 60
63765.611276 60
63765.982276 60
63766.119276 60
63766.442276 60
63766.672276 60
63766.885276 60
63767.020276 60
63767.412276 60
63767.615276 60
63767.912276 60
63768.105276 60
63768.235276 60
63768.471276 60
63768.709276 60
63768.930276 60
63769.079276 60
63769.308276 60
63769.450276 60
63769.852276 60
63769.995276 60
63770.215276 60
63770.340276 60
63770.725276 60
63770.976276 60
63771.203276 60
63771.336276 60
63771.555276 60
63771.743276 60
63772.097276 60
63772.249276 60
63772.623276 60
63772.799276 60
63773.000276 60
63773.159276 60
63773.352276 60
63773.495276 60
63773.753276 60
63774.036276 60
63774.254276 60
63774.455276 60
63774.790276 60
63774.925276 60
63775.167276 60
63775.292276 60
63775.492276 60
63775.631276 60
63776.027276 60
63776.180276 60
63776.465276 60
63776.719276 60
63776.946276 60
63777.127276 60
63777.334276 60
63777.669276 60
63777.827276 60
63778.167276 60
63778.388276 60
63778.703276 60
63778.868276 60
63779.094276 60
63779.244276 60
63779.454276 60
63779.591276 60
63779.851276 60
63779.990276 60
63780.451276 60
63780.618276 60
63780.866276 60
63781.094276 60
63781.295276 60
63781.438276 60
63781.638276 60
63781.772276 60
63781.959276 60
63782.103276 60
63782.454276 60
63782.598276 59
63782.788276 59
63782.999276 59
63783.202276 59
63783.343276 59
63783.547276 59
63783.770276 59
63783.968276 59
63784.350276 59
63784.602276 59
63784.778276 59
63784.991276 59
63785.127276 59
63785.320276 59
63785.466276 59
63785.702276 59
63785.836276 59
63786.190276 59
63786.357276 59
63786.612276 59
63786.789276 59
63787.005276 59
63787.155276 59
63787.376276 59
63787.522276 59
63787.760276 59
63787.896276 59
63788.343276 59
63788.595276 59
63788.831276 59
63789.018276 59
63789.217276 59
63789.367276 59
63789.565276 59
63789.698276 59
63789.902276 59
63790.272276 59
63790.540276 59
63790.998276 59
63791.123276 59
63791.342276 59
63791.528276 59
63791.731276 59
63791.860276 59
63792.067276 59
63792.441276 59
63792.792276 59
63792.945276 59
63793.140276 59
63793.273276 59
63793.465276 59
63793.642276 59
63793.843276 59
63794.010276 59
63794.287276 59
63794.565276 59
63794.846276 59
63794.971276 59
63795.177276 59
63795.319276 59
63795.533276 59
63795.664276 59
63795.878276 59
63796.014276 59
63796.368276 59
63796.535276 59
63796.794276 59
63796.958276 59
63797.156276 59
63797.295276 59
63797.554276 59
63797.697276 59
63797.900276 59
63798.046276 59
63798.432276 59
63798.611276 59
63798.847276 59
63799.024276 59
63799.221276 59
63799.366276 59
63799.705276 59
63799.913276 59
63800.187276 59
63800.435276 59
63800.609276 59
63800.851276 59
63800.999276 59
63801.196276 59
63801.332276 59
63801.574276 59
63801.709276 59
63801.910276 59
63802.213276 59
63802.419276 59
63802.587276 59
63802.837276 59
63802.986276 59
63803.185276 59
63803.315276 59
63803.548276 59
63803.695276 59
63803.891276 59
63804.209276 59
63804.470276 59
63804.814276 59
63805.029276 59
63805.176276 59
63805.415276 59
63805.558276 59
63805.750276 59
63805.874276 59
63806.197276 59
63806.354276 59
63806.614276 59
63806.791276 59
63806.989276 59
63807.114276 59
63807.393276 59
63807.532276 59
63807.720276 59
63807.857276 59
63808.210276 59
63808.358276 59
63808.616276 58
63808.875276 58
63809.070276 58
63809.193276 58
63809.444276 58
63809.583276 58
63809.781276 58
63809.927276 58
63810.359276 58
63810.622276 58
63810.914276 58
63811.068276 58
63811.283276 58
63811.491276 58
63811.685276 58
63811.844276 58
63812.093276 58
63812.438276 58
63812.783276 58
63812.935276 58
63813.131276 58
63813.265276 58
63813.508276 58
63813.643276 58
63813.850276 58
63813.987276 58
63814.210276 58
63814.574276 58
63814.774276 58
63814.919276 58
63815.128276 58
63815.320276 58
63815.546276 58
63815.716276 58
63815.997276 58
63816.133276 58
63816.471276 58
63816.646276 58
63816.832276 58
63816.985276 58
63817.241276 58
63817.454276 58
63817.709276 58
63817.878276 58
63818.091276 58
63818.402276 58
63818.645276 58
63818.822276 58
63819.085276 58
63819.245276 58
63819.497276 58
63819.640276 58
63819.863276 58
63819.989276 58
63820.173276 58
63820.527276 58
63820.868276 58
63821.004276 58
63821.230276 58
63821.376276 58
63821.584276 58
63821.748276 58
63821.998276 58
63822.137276 58
63822.347276 58
63822.648276 58
63822.907276 58
63823.041276 58
63823.293276 58
63823.432276 58
63823.627276 58
63823.764276 58
63823.993276 58
63824.119276 58
63824.598276 58
63824.773276 58
63824.977276 58
63825.128276 58
63825.393276 58
63825.543276 58
63825.740276 58
63825.940276 58
63826.162276 58
63826.340276 58
63826.770276 58
63826.909276 58
63827.167276 58
63827.303276 58
63827.499276 58
63827.638276 58
63827.889276 58
63828.039276 58
63828.266276 58
63828.610276 58
63828.857276 58
63829.002276 58
63829.240276 58
63829.387276 58
63829.607276 58
63829.755276 58
63829.959276 58
63830.119276 58
63830.526276 58
63830.692276 58
63830.940276 58
63831.076276 58
63831.322276 58
63831.472276 58
63831.664276 58
63831.839276 58
63832.043276 58
63832.199276 58
63832.606276 58
63832.782276 58
63832.988276 58
63833.159276 58
63833.356276 58
63833.514276 58
63833.783276 58
63833.908276 58
63834.114276 58
63834.527276 58
63834.847276 58
63834.981276 58
63835.263276 58
63835.407276 58
63835.622276 58
63835.787276 58
63836.003276 58
63836.149276 58
63836.432276 58
63836.775276 58
63837.036276 58
63837.165276 58
63837.356276 58
63837.500276 58
63837.767276 58
63837.912276 58
63838.112276 58
63838.258276 58
63838.709276 58
63838.868276 58
63839.117276 58
63839.253276 58
63839.451276 58
63839.595276 57
63839.850276 57
63839.996276 57
63840.217276 57
63840.508276 57
63840.787276 57
63840.921276 57
63841.140276 57
63841.276276 57
63841.473276 57
63841.609276 57
63841.836276 57
63841.979276 57
63842.336276 57
63842.503276 57
63842.706276 57
63842.907276 57
63843.135276 57
63843.270276 57
63843.463276 57
63843.698276 57
63843.929276 57
63844.065276 57
63844.539276 57
63844.717276 57
63844.915276 57
63845.086276 57
63845.282276 57
63845.482276 57
63845.739276 57
63845.987276 57
63846.183276 57
63846.510276 57
63846.794276 57
63847.034276 57
63847.275276 57
63847.411276 57
63847.675276 57
63847.835276 57
63848.062276 57
63848.192276 57
63848.611276 57
63848.809276 57
63849.035276 57
63849.203276 57
63849.412276 57
63849.611276 57
63849.870276 57
63850.048276 57
63850.314276 57
63850.659276 57
63850.932276 57
63851.092276 57
63851.373276 57
63851.690276 57
63851.903276 57
63852.041276 57
63852.285276 57
63852.578276 57
63852.833276 57
63853.014276 57
63853.224276 57
63853.360276 57
63853.695276 57
63853.872276 57
63854.090276 57
63854.256276 57
63854.472276 57
63854.752276 57
63854.979276 57
63855.136276 57
63855.352276 57
63855.541276 57
63855.799276 57
63855.983276 57
63856.230276 57
63856.376276 57
63856.562276 57
63856.890276 57
63857.090276 57
63857.244276 57
63857.492276 57
63857.734276 57
63858.067276 57
63858.267276 57
63858.452276 57
63858.769276 57
63859.047276 57
63859.205276 57
63859.424276 57
63859.672276 57
63859.926276 57
63860.071276 57
63860.297276 57
63860.444276 57
63860.861276 57
63861.006276 57
63861.234276 57
63861.391276 57
63861.733276 57
63861.907276 57
63862.113276 57
63862.306276 57
63862.655276 57
63862.834276 57
63863.053276 57
63863.200276 57
63863.424276 57
63863.603276 57
63863.788276 57
63863.925276 57
63864.164276 57
63864.461276 57
63864.764276 57
63864.995276 57
63865.206276 57
63865.344276 57
63865.574276 57
63865.719276 57
63865.900276 57
63866.083276 57
63866.366276 57
63866.981276 56
63867.121276 56
63867.424276 56
63867.569276 56
63867.894276 56
63868.151276 56
63868.334276 56
63868.467276 56
63868.683276 56
63868.989276 56
63869.214276 56
63869.435276 56
63869.692276 56
63869.857276 56
63870.119276 56
63870.257276 56
63870.467276 56
63870.785276 56
63871.119276 56
63871.411276 56
63871.630276 56
63871.774276 56
63872.190276 56
63872.354276 56
63872.540276 56
63872.735276 56
63872.940276 56
63873.076276 56
63873.262276 56
63873.535276 56
63873.967276 56
63874.133276 56
63874.348276 56
63874.471276 56
63874.826276 56
63874.995276 56
63875.210276 56
63875.374276 56
63875.581276 56
63875.750276 56
63876.120276 56
63876.279276 56
63876.558276 56
63876.809276 56
63877.032276 56
63877.170276 56
63877.380276 56
63877.524276 56
63877.717276 56
63877.865276 56
63878.239276 56
63878.449276 56
63878.795276 56
63879.274276 56
63879.524276 56
63879.768276 56
63880.137276 56
63880.291276 56
63880.587276 56
63880.741276 56
63881.151276 56
63881.388276 56
63881.572276 56
63881.729276 56
63881.976276 56
63882.231276 56
63882.613276 56
63882.754276 56
63882.959276 56
63883.106276 56
63883.501276 56
63883.638276 56
63884.045276 56
63884.247276 56
63884.372276 56
63884.623276 56
63884.757276 56
63884.979276 56
63885.120276 56
63885.475276 56
63885.643276 56
63886.067276 56
63886.214276 56
63886.415276 56
63886.582276 56
63886.828276 56
63887.005276 56
63887.292276 56
63887.438276 56
63887.662276 56
63887.881276 56
63888.337276 56
63888.563276 56
63888.775276 56
63888.930276 56
63889.214276 56
63889.447276 56
63889.712276 56
63889.901276 56
63890.110276 56
63890.239276 56
63890.652276 56
63890.966276 56
63891.222276 56
63891.386276 56
63891.654276 55
63891.904276 55
63892.157276 55
63892.288276 55
63892.547276 55
63892.695276 55
63892.961276 55
63893.302276 55
63893.498276 55
63893.642276 55
63893.896276 55
63894.057276 55
63894.400276 55
63894.661276 55
63894.891276 55
63895.061276 55
63895.291276 55
63895.658276 55
63895.924276 55
63896.073276 55
63896.279276 55
63896.479276 55
63896.766276 55
63896.944276 55
63897.269276 55
63897.404276 55
63897.656276 55
63897.967276 55
63898.268276 55
63898.467276 55
63898.676276 55
63898.798276 55
63898.983276 55
63899.259276 55
63899.601276 55
63899.767276 55
63899.961276 55
63900.142276 55
63900.615276 55
63901.095276 55
63901.251276 55
63901.464276 55
63901.694276 55
63902.016276 55
63902.173276 55
63902.424276 55
63902.571276 55
63902.926276 55
63903.146276 55
63903.358276 55
63903.494276 55
63903.745276 55
63903.901276 55
63904.079276 55
63904.223276 55
63904.492276 55
63904.655276 55
63904.909276 55
63905.171276 55
63905.545276 55
63905.720276 55
63905.903276 55
63906.039276 55
63906.260276 55
63906.513276 55
63906.751276 55
63907.155276 55
63907.300276 55
63907.544276 55
63907.830276 55
63908.074276 55
63908.208276 55
63908.438276 55
63908.599276 55
63908.873276 55
63909.134276 55
63909.327276 55
63909.478276 55
63909.725276 55
63909.867276 55
63910.220276 55
63910.442276 55
63910.649276 55
63910.796276 55
63911.060276 55
63911.271276 55
63911.553276 55
63911.726276 55
63911.944276 55
63912.096276 55
63912.365276 55
63912.716276 55
63913.061276 55
63913.211276 55
63913.409276 55
63913.578276 55
63913.782276 55
63913.930276 55
63914.139276 55
63914.362276 55
63914.625276 55
63914.971276 55
63915.179276 55
63915.317276 55
63915.542276 55
63915.724276 55
63916.062276 55
63916.207276 55
63916.467276 55
63916.603276 55
63916.949276 55
63917.130276 55
63917.501276 55
63917.656276 55
63917.862276 55
63918.018276 55
63918.245276 55
63918.410276 55
63918.607276 55
63918.762276 55
63919.012276 55
63919.320276 55
63919.611276 55
63919.774276 55
63919.959276 55
63920.103276 55
63920.323276 55
63920.485276 55
63920.800276 55
63921.062276 55
63921.254276 55
63921.391276 55
63921.660276 55
63921.803276 55
63922.024276 55
63922.182276 55
63922.410276 55
63922.548276 55
63922.755276 55
63922.965276 55
63923.176276 55
63923.328276 55
63923.590276 55
63923.736276 55
63923.977276 55
63924.103276 55
63924.354276 55
63924.541276 55
63924.886276 55
63925.053276 55
63925.251276 55
63925.399276 55
63925.630276 55
63925.867276 55
63926.263276 55
63926.397276 55
63926.582276 55
63926.752276 55
63926.955276 55
63927.101276 55
63927.453276 55
63927.707276 55
63928.043276 55
63928.299276 55
63928.451276 55
63928.868276 55
63929.014276 55
63929.212276 55
63929.400276 55
63929.734276 55
63929.903276 55
63930.133276 55
63930.270276 55
63930.470276 55
63930.688276 55
63930.911276 55
63931.104276 55
63931.357276 55
63931.535276 55
63931.789276 55
63931.917276 55
63932.153276 55
63932.291276 55
63932.483276 55
63932.618276 55
63932.854276 55
63933.026276 55
63933.364276 55
63933.610276 55
63933.896276 55
63934.119276 55
63934.320276 55
63934.464276 55
63934.670276 55
63934.822276 55
63935.024276 55
63935.168276 55
63935.613276 55
63935.784276 55
63936.006276 55
63936.175276 55
63936.383276 55
63936.576276 55
63936.927276 55
63937.075276 55
63937.270276 55
63937.446276 55
63937.812276 55
63937.951276 55
63938.170276 55
63938.341276 55
63938.597276 55
63938.830276 55
63939.027276 55
63939.166276 55
63939.417276 55
63939.564276 55
63939.797276 55
63940.119276 55
63940.359276 55
63940.613276 55
63940.931276 55
63941.074276 55
63941.321276 55
63941.465276 55
63941.701276 55
63941.908276 55
63942.199276 55
63942.355276 55
63942.664276 55
63942.800276 55
63943.039276 55
63943.208276 55
63943.436276 55
63943.604276 55
63944.000276 55
63944.217276 55
63944.354276 55
63944.555276 55
63944.796276 55
63945.069276 55
63945.330276 55
63945.552276 55
63945.690276 55
63945.927276 55
63946.092276 55
63946.381276 55
63946.646276 55
63946.869276 55
63947.007276 55
63947.389276 55
63947.631276 55
63947.930276 55
63948.076276 55
63948.293276 55
63948.441276 55
63948.785276 55
63948.961276 55
63949.239276 55
63949.384276 55
63949.743276 55
63949.888276 55
63950.198276 55
63950.375276 55
63950.640276 55
63950.788276 55
63951.000276 55
63951.212276 55
63951.539276 55
63951.705276 55
63952.100276 55
63952.236276 55
63952.568276 55
63952.820276 55
63953.046276 55
63953.224276 55
63953.437276 55
63953.582276 55
63953.887276 55
63954.129276 55
63954.593276 55
63954.731276 55
63954.934276 55
63955.109276 55
63955.462276 55
63955.651276 55
63955.894276 55
63956.028276 55
63956.245276 55
63956.441276 55
63956.886276 55
63957.052276 55
63957.280276 55
63957.443276 55
63957.783276 55
63958.028276 55
63958.224276 55
63958.371276 55
63958.587276 55
63958.753276 55
63959.275276 55
63959.410276 55
63959.611276 55
63959.800276 55
63960.021276 55
63960.198276 55
63960.458276 55
63960.655276 55
63960.874276 55
63961.075276 55
63961.369276 55
63961.625276 55
63961.869276 55
63962.039276 55
63962.251276 55
63962.430276 55
63962.645276 55
63962.832276 55
63963.125276 55
63963.280276 55
63963.641276 55
63963.875276 55
63964.042276 55
63964.251276 55
63964.424276 55
63964.670276 55
63964.845276 55
63965.144276 55
63965.290276 55
63965.496276 55
63965.671276 55
63965.904276 55
63966.053276 55
63966.314276 55
63966.461276 55
63966.806276 55
63966.972276 55
63967.211276 55
63967.367276 55
63967.571276 55
63967.711276 55
63968.131276 55
63968.283276 55
63968.623276 55
63968.799276 55
63969.073276 55
63969.216276 55
63969.434276 55
63969.681276 55
63969.975276 55
63970.324276 55
63970.542276 55
63970.688276 55
63970.892276 55
63971.164276 55
63971.426276 55
63971.570276 55
63971.823276 55
63971.958276 55
63972.179276 55
63972.509276 55
63972.763276 55
63972.982276 55
63973.198276 55
63973.344276 55
63973.564276 55
63973.825276 55
63974.123276 55
63974.314276 55
63974.694276 55
63974.837276 55
63975.050276 55
63975.223276 55
63975.461276 55
63975.654276 55
63975.941276 55
63976.110276 55
63976.347276 55
63976.688276 55
63977.030276 55
63977.174276 55
63977.407276 55
63977.573276 55
63977.840276 55
63978.017276 55
63978.334276 55
63978.479276 55
63978.863276 55
63979.345276 55
63979.576276 55
63979.815276 55
63979.971276 55
63980.192276 55
63980.485276 55
63980.750276 55
63980.894276 55
63981.307276 55
63981.538276 55
63981.806276 55
63982.044276 55
63982.289276 55
63982.431276 55
63982.650276 55
63982.831276 55
63983.284276 55
63983.424276 55
63983.649276 55
63983.780276 55
63983.968276 55
63984.108276 55
63984.356276 55
63984.500276 55
63984.710276 55
63984.898276 55
63985.132276 55
63985.290276 55
63985.702276 55
63985.867276 55
63986.140276 55
63986.267276 55
63986.480276 55
63986.625276 55
63986.849276 55
63987.006276 55
63987.265276 55
63987.539276 55
63987.867276 55
63988.003276 55
63988.231276 55
63988.396276 55
63988.638276 55
63988.902276 55
63989.211276 55
63989.511276 55
63989.737276 55
63989.859276 55
63990.067276 55
63990.226276 55
63990.533276 55
63990.721276 55
63990.965276 55
63991.122276 55
63991.340276 55
63991.702276 55
63991.961276 55
63992.199276 55
63992.401276 55
63992.543276 55
63992.827276 55
63993.006276 55
63993.257276 55
63993.557276 55
63993.742276 55
63993.876276 55
63994.162276 55
63994.336276 55
63994.670276 55
63994.825276 55
63995.057276 55
63995.206276 55
63995.652276 55
63995.850276 55
63996.098276 55
63996.259276 55
63996.475276 55
63996.654276 55
63996.997276 55
63997.135276 55
63997.344276 55
63997.526276 55
63997.939276 55
63998.149276 55
63998.418276 55
63998.595276 55
63998.903276 55
63999.052276 55
63999.242276 55
63999.618276 55
63999.807276 55
64000.240276 55
64000.380276 55
64000.632276 55
64000.775276 55
64000.990276 55
64001.174276 55
64001.427276 55
64001.591276 55
64001.824276 55
64001.970276 55
64002.406276 55
64002.607276 55
64002.859276 55
64003.004276 55
64003.204276 55
64003.379276 55
64003.591276 55
64003.765276 55
64004.056276 55
64004.452276 55
64004.791276 55
64004.937276 55
64005.138276 55
64005.310276 55
64005.501276 55
64005.644276 55
64005.844276 55
64006.036276 55
64006.253276 55
64006.444276 55
64006.712276 55
64006.898276 55
64007.139276 55
64007.318276 55
64007.530276 55
64007.718276 55
64008.058276 55
64008.203276 55
64008.415276 55
64008.723276 55
64008.964276 55
64009.174276 55
64009.546276 55
64009.804276 55
64009.969276 55
64010.158276 55
64010.294276 55
64010.538276 55
64010.834276 55
64011.037276 55
64011.538276 55
64011.790276 55
64012.015276 55
64012.161276 55
64012.354276 55
64012.554276 55
64012.850276 55
64013.234276 55
64013.455276 55
64013.593276 55
64013.774276 55
64013.960276 55
64014.221276 55
64014.499276 55
64014.716276 55
64014.862276 55
64015.234276 55
64015.433276 55
64015.689276 55
64015.852276 55
64016.055276 55
64016.177276 55
64016.403276 55
64016.589276 55
64016.781276 55
64016.948276 55
64017.339276 55
64017.780276 55
64017.926276 55
64018.117276 55
64018.253276 55
64018.500276 55
64018.635276 55
64018.832276 55
64018.970276 55
64019.447276 55
64019.615276 55
64019.914276 55
64020.081276 55
64020.332276 55
64020.494276 55
64020.780276 55
64020.957276 55
64021.201276 55
64021.366276 55
64021.838276 55
64022.037276 55
64022.287276 55
64022.458276 55
64022.682276 55
64022.833276 55
64023.037276 55
64023.214276 55
64023.445276 55
64023.766276 55
64023.977276 55
64024.115276 55
64024.301276 55
64024.500276 55
64024.704276 55
64024.839276 55
64025.044276 55
64025.223276 55
64025.524276 55
64026.065276 55
64026.276276 55
64026.439276 55
64026.633276 55
64026.830276 55
64027.178276 55
64027.339276 55
64027.557276 55
64027.729276 55
64027.946276 55
64028.261276 55
64028.617276 55
64028.772276 55
64029.023276 55
64029.170276 55
64029.368276 55
64029.538276 55
64029.880276 55
64030.024276 55
64030.223276 55
64030.408276 55
64030.649276 55
64030.782276 55
64031.008276 55
64031.144276 55
64031.368276 55
64031.540276 55
64031.803276 55
64031.974276 55
64032.196276 55
64032.499276 55
64032.793276 55
64032.990276 55
64033.239276 55
64033.373276 55
64033.569276 55
64033.784276 55
64033.972276 55
64034.104276 55
64034.497276 55
64034.694276 55
64034.905276 55
64035.106276 55
64035.326276 55
64035.473276 55
64035.700276 55
64035.902276 55
64036.163276 55
64036.415276 55
64036.623276 55
64036.787276 55
64037.046276 55
64037.184276 55
64037.446276 55
64037.706276 55
64037.927276 55
64038.072276 55
64038.283276 55
64038.432276 55
64038.626276 55
64038.832276 55
64039.051276 55
64039.199276 55
64039.461276 55
64039.727276 55
64039.998276 55
64040.134276 55
64040.405276 55
64040.540276 55
64040.735276 55
64040.916276 55
64041.144276 55
64041.281276 55
64041.711276 55
64041.920276 55
64042.152276 55
64042.322276 55
64042.553276 55
64042.690276 55
64042.941276 55
64043.243276 55
64043.438276 55
64043.646276 55
64043.838276 55
64043.983276 55
64044.223276 55
64044.361276 55
64044.929276 55
64045.076276 55
64045.294276 55
64045.546276 55
64045.866276 55
64045.990276 55
64046.191276 55
64046.351276 55
64046.554276 55
64046.689276 55
64046.929276 55
64047.098276 55
64047.532276 55
64047.698276 55
64047.926276 55
64048.056276 55
64048.271276 55
64048.429276 55
64048.611276 55
64048.791276 55
64048.987276 55
64049.121276 55
64049.533276 55
64049.702276 55
64049.920276 55
64050.065276 55
64050.277276 55
64050.426276 55
64050.697276 55
64050.830276 55
64051.050276 55
64051.211276 55
64051.523276 55
64051.692276 55
64051.903276 55
64052.083276 55
64052.282276 55
64052.461276 55
64052.663276 55
64052.808276 55
64053.011276 55
64053.158276 55
64053.607276 55
64053.784276 55
64054.010276 55
64054.147276 55
64054.354276 55
64054.490276 55
64054.710276 55
64054.853276 55
64055.071276 55
64055.357276 55
64055.613276 55
64055.788276 55
64056.048276 55
64056.184276 55
64056.390276 55
64056.525276 55
64056.730276 55
64056.879276 55
64057.100276 55
64057.444276 55
64057.702276 55
64057.878276 55
64058.093276 55
64058.241276 55
64058.445276 55
64058.603276 55
64058.840276 55
64058.962276 55
64059.155276 55
64059.560276 55
64059.901276 55
64060.080276 55
64060.297276 55
64060.443276 55
64060.708276 55
64060.851276 55
64061.044276 55
64061.192276 55
64061.611276 55
64061.794276 55
64062.043276 55
64062.199276 55
64062.430276 55
64062.588276 55
64062.814276 55
64062.966276 55
64063.235276 55
64063.402276 55
64063.770276 55
64063.969276 55
64064.185276 55
64064.332276 55
64064.539276 55
64064.791276 55
64065.040276 55
64065.283276 55
64065.491276 55
64065.628276 54
64066.025276 54
64066.171276 54
64066.370276 54
64066.718276 54
64066.942276 54
64067.076276 54
64067.304276 54
64067.462276 54
64067.925276 54
64068.076276 54
64068.291276 54
64068.455276 54
64068.807276 54
64068.983276 54
64069.227276 54
64069.367276 54
64069.552276 54
64069.929276 54
64070.147276 54
64070.370276 54
64070.712276 54
64070.877276 54
64071.078276 54
64071.258276 54
64071.477276 54
64071.602276 54
64071.985276 54
64072.137276 54
64072.366276 54
64072.625276 54
64072.884276 54
64073.028276 54
64073.267276 54
64073.427276 54
64073.855276 54
64074.117276 54
64074.351276 54
64074.497276 54
64074.701276 54
64074.846276 54
64075.182276 54
64075.337276 54
64075.539276 54
64075.672276 54
64076.056276 54
64076.203276 54
64076.601276 54
64076.850276 54
64077.113276 54
64077.250276 54
64077.435276 54
64077.570276 54
64077.951276 54
64078.093276 54
64078.312276 54
64078.551276 54
64078.883276 54
64079.072276 54
64079.284276 54
64079.431276 54
64079.648276 54
64080.006276 54
64080.199276 54
64080.353276 54
64080.610276 54
64080.776276 54
64080.971276 54
64081.154276 54
64081.362276 54
64081.514276 54
64081.940276 54
64082.150276 54
64082.367276 54
64082.545276 54
64082.762276 54
64082.922276 54
64083.189276 54
64083.346276 54
64083.720276 54
64083.887276 54
64084.093276 54
64084.227276 54
64084.500276 54
64084.647276 54
64084.883276 54
64085.083276 54
64085.268276 54
64085.585276 54
64085.861276 54
64086.018276 54
64086.228276 54
64086.407276 54
64086.590276 54
64086.747276 54
64087.016276 54
64087.178276 54
64087.443276 54
64087.852276 54
64088.071276 54
64088.239276 54
64088.500276 54
64088.678276 54
64089.033276 54
64089.170276 54
64089.387276 54
64089.511276 54
64089.914276 54
64090.059276 54
64090.356276 54
64090.610276 54
64090.996276 54
64091.134276 54
64091.330276 54
64091.491276 54
64091.722276 54
64092.081276 54
64092.263276 54
64092.535276 54
64092.791276 54
64092.920276 54
64093.147276 54
64093.284276 54
64093.483276 54
64093.691276 54
64094.130276 54
64094.295276 54
64094.627276 54
64094.802276 54
64095.041276 54
64095.190276 54
64095.416276 54
64095.636276 54
64096.138276 54
64096.294276 54
64096.489276 54
64096.635276 54
64096.839276 54
64097.032276 54
64097.248276 54
64097.429276 54
64097.772276 54
64098.124276 54
64098.407276 54
64098.532276 54
64098.741276 54
64098.940276 54
64099.146276 54
64099.289276 54
64099.714276 54
64099.916276 54
64100.341276 54
64100.475276 54
64100.675276 54
64100.819276 54
64101.098276 54
64101.244276 54
64101.536276 54
64101.790276 54
64102.008276 54
64102.329276 54
64102.526276 54
64102.672276 54
64102.910276 54
64103.039276 54
64103.251276 54
64103.390276 54
64103.609276 54
64103.753276 54
64104.190276 54
64104.338276 54
64104.532276 54
64104.687276 54
64104.967276 54
64105.104276 54
64105.352276 54
64105.613276 54
64105.852276 54
64105.990276 54
64106.394276 54
64106.533276 54
64106.753276 54
64106.922276 54
64107.112276 54
64107.335276 54
64107.681276 54
64107.848276 54
64108.044276 54
64108.372276 54
64108.591276 54
64108.740276 54
64108.990276 54
64109.148276 54
64109.365276 54
64109.619276 54
64109.866276 54
64110.002276 54
64110.431276 54
64110.586276 54
64110.799276 54
64110.945276 54
64111.141276 54
64111.287276 54
64111.631276 54
64111.796276 54
64111.995276 54
64112.162276 54
64112.555276 54
64112.749276 54
64112.950276 54
64113.096276 54
64113.297276 54
64113.539276 54
64113.876276 54
64114.014276 54
64114.243276 54
64114.548276 54
64114.783276 54
64114.939276 54
64115.148276 54
64115.288276 54
64115.710276 54
64115.874276 54
64116.072276 54
64116.209276 54
64116.610276 54
64116.793276 54
64117.008276 54
64117.166276 54
64117.451276 54
64117.619276 54
64117.887276 54
64118.042276 54
64118.263276 54
64118.698276 54
64118.887276 54
64119.045276 54
64119.270276 54
64119.531276 54
64119.802276 54
64119.939276 54
64120.175276 54
64120.328276 54
64120.539276 54
64120.882276 54
64121.087276 54
64121.235276 54
64121.473276 54
64121.683276 54
64121.943276 54
64122.120276 54
64122.336276 54
64122.505276 54
64122.725276 54
64123.071276 54
64123.331276 54
64123.498276 54
64123.698276 54
64123.856276 54
64124.083276 54
64124.262276 54
64124.456276 54
64124.677276 54
64125.021276 54
64125.412276 54
64125.587276 54
64125.749276 54
64125.997276 54
64126.125276 54
64126.353276 54
64126.525276 54
64126.874276 54
64127.023276 54
64127.252276 54
64127.572276 54
64127.850276 54
64128.105276 54
64128.289276 54
64128.436276 54
64128.702276 54
64128.836276 54
64129.025276 54
64129.155276 54
64129.454276 54
64129.707276 54
64129.979276 54
64130.119276 54
64130.303276 54
64130.434276 54
64130.650276 54
64130.820276 54
64131.027276 54
64131.184276 54
64131.437276 54
64131.610276 54
64132.035276 54
64132.172276 54
64132.377276 54
64132.553276 54
64132.815276 54
64132.979276 54
64133.246276 54
64133.378276 54
64133.768276 54
64133.919276 54
64134.139276 54
64134.270276 54
64134.467276 54
64134.636276 54
64134.887276 54
64135.007276 54
64135.253276 54
64135.386276 54
64135.787276 54
64135.948276 54
64136.143276 54
64136.275276 54
64136.542276 54
64136.716276 54
64136.983276 54
64137.169276 54
64137.359276 54
64137.686276 54
64138.041276 54
64138.274276 54
64138.475276 54
64138.815276 54
64138.970276 54
64139.262276 54
64139.431276 54
64139.650276 54
64139.966276 54
64140.181276 54
64140.332276 54
64140.548276 54
64140.707276 54
64140.903276 54
64141.022276 54
64141.238276 54
64141.365276 54
64141.549276 54
64141.678276 54
64142.065276 54
64142.197276 54
64142.384276 54
64142.588276 54
64142.793276 54
64142.932276 54
64143.181276 54
64143.318276 54
64143.516276 54
64143.661276 53
64144.060276 53
64144.196276 53
64144.397276 53
64144.577276 53
64144.869276 53
64145.152276 53
64145.347276 53
64145.485276 53
64145.710276 53
64146.054276 53
64146.251276 53
64146.526276 53
64146.909276 53
64147.146276 53
64147.279276 53
64147.476276 53
64147.623276 53
64147.840276 53
64148.215276 53
64148.551276 53
64148.803276 53
64149.088276 53
64149.235276 53
64149.430276 53
64149.566276 53
64149.837276 53
64149.977276 53
64150.366276 53
64150.619276 53
64150.863276 53
64151.019276 53
64151.230276 53
64151.369276 53
64151.587276 53
64151.748276 53
64151.971276 53
64152.364276 53
64152.784276 53
64152.999276 53
64153.179276 53
64153.372276 53
64153.511276 53
64153.726276 53
64153.873276 53
64154.088276 53
64154.224276 53
64154.726276 53
64154.914276 53
64155.176276 53
64155.325276 53
64155.530276 53
64155.728276 53
64155.954276 53
64156.092276 53
64156.364276 53
64156.535276 53
64157.025276 53
64157.169276 53
64157.366276 53
64157.502276 53
64157.834276 53
64158.012276 53
64158.189276 53
64158.375276 53
64158.574276 53
64158.914276 53
64159.158276 53
64159.302276 53
64159.530276 53
64159.772276 53
64160.040276 53
64160.426276 53
64160.563276 53
64160.757276 53
64161.088276 53
64161.354276 53
64161.521276 53
64161.846276 53
64161.986276 53
64162.245276 53
64162.412276 53
64162.620276 53
64162.785276 53
64163.231276 53
64163.366276 53
64163.624276 53
64163.755276 53
64163.963276 53
64164.110276 53
64164.371276 53
64164.510276 53
64164.715276 53
64164.873276 53
64165.303276 53
64165.621276 53
64165.877276 53
64166.017276 53
64166.219276 53
64166.378276 53
64166.598276 53
64166.739276 53
64166.967276 53
64167.125276 53
64167.623276 53
64167.801276 53
64167.995276 53
64168.164276 53
64168.364276 53
64168.491276 53
64168.687276 53
64168.846276 53
64169.071276 53
64169.215276 53
64169.619276 53
64169.796276 53
64169.987276 53
64170.143276 53
64170.351276 53
64170.487276 53
64170.682276 53
64170.864276 53
64171.073276 53
64171.456276 53
64171.786276 53
64171.932276 53
64172.186276 53
64172.334276 53
64172.534276 53
64172.703276 53
64172.920276 53
64173.069276 53
64173.280276 53
64173.619276 53
64173.865276 53
64174.025276 53
64174.250276 53
64174.587276 53
64174.721276 53
64174.971276 53
64175.116276 53
64175.612276 53
64175.814276 53
64176.066276 53
64176.224276 53
64176.465276 53
64176.611276 53
64176.911276 53
64177.081276 53
64177.308276 53
64177.466276 53
64177.878276 52
64178.022276 52
64178.230276 52
64178.397276 52
64178.944276 52
64179.151276 52
64179.296276 52
64179.546276 52
64179.688276 52
64180.108276 52
64180.260276 52
64180.544276 52
64180.799276 52
64181.007276 52
64181.161276 52
64181.428276 52
64181.567276 52
64181.801276 52
64182.146276 52
64182.332276 52
64182.513276 52
64182.732276 52
64182.884276 52
64183.080276 52
64183.287276 52
64183.472276 52
64183.618276 52
64183.819276 52
64184.172276 52
64184.442276 52
64184.777276 52
64184.978276 52
64185.123276 52
64185.318276 52
64185.456276 52
64185.652276 52
64185.973276 52
64186.193276 52
64186.360276 52
64186.723276 52
64186.898276 52
64187.091276 52
64187.286276 52
64187.473276 52
64187.617276 52
64187.828276 52
64188.051276 52
64188.247276 52
64188.459276 52
64188.804276 52
64189.125276 52
64189.358276 52
64189.556276 52
64189.712276 52
64189.963276 52
64190.301276 52
64190.717276 52
64190.869276 52
64191.076276 52
64191.229276 52
64191.446276 52
64191.584276 52
64191.772276 52
64191.947276 52
64192.134276 52
64192.273276 52
64192.791276 52
64192.920276 52
64193.130276 52
64193.313276 52
64193.500276 52
64193.647276 52
64193.821276 52
64193.995276 52
64194.189276 52
64194.558276 52
64194.883276 51
64195.029276 51
64195.236276 51
64195.371276 51
64195.583276 51
64195.722276 51
64195.968276 51
64196.127276 51
64196.630276 51
64196.885276 51
64197.147276 51
64197.306276 51
64197.516276 51
64197.666276 51
64197.922276 51
64198.058276 51
64198.264276 51
64198.682276 51
64198.900276 51
64199.036276 51
64199.255276 51
64199.415276 51
64199.612276 51
64199.807276 51
64200.039276 51
64200.187276 51
64200.470276 51
64200.818276 51
64201.012276 51
64201.166276 51
64201.371276 51
64201.509276 51
64201.715276 51
64201.906276 51
64202.132276 51
64202.269276 51
64202.690276 51
64202.887276 51
64203.083276 51
64203.285276 51
64203.516276 51
64203.678276 51
64203.911276 51
64204.066276 51
64204.282276 51
64204.610276 51
64205.160276 51
64205.299276 51
64205.529276 51
64205.717276 51
64205.925276 51
64206.079276 51
64206.267276 51
64206.530276 51
64206.955276 51
64207.136276 51
64207.348276 51
64207.491276 51
64207.735276 51
64207.977276 51
64208.228276 51
64208.448276 51
64208.675276 51
64209.060276 51
64209.510276 51
64209.764276 51
64209.921276 51
64210.174276 51
64210.351276 51
64210.675276 51
64210.829276 51
64211.263276 51
64211.472276 51
64211.813276 51
64211.983276 51
64212.176276 51
64212.351276 51
64212.574276 51
64212.710276 51
64213.016276 51
64213.379276 51
64213.609276 51
64213.761276 51
64213.948276 51
64214.150276 51
64214.501276 51
64214.643276 51
64214.841276 51
64215.029276 51
64215.235276 51
64215.634276 51
64215.959276 51
64216.135276 51
64216.385276 51
64216.522276 51
64216.709276 51
64216.931276 51
64217.214276 51
64217.379276 51
64217.781276 50
64217.947276 50
64218.241276 50
64218.453276 50
64218.690276 50
64218.847276 50
64219.111276 50
64219.249276 50
64219.449276 50
64219.659276 50
64220.059276 50
64220.247276 50
64220.529276 50
64220.705276 50
64220.977276 50
64221.310276 50
64221.453276 50
64221.790276 50
64222.009276 50
64222.143276 50
64222.418276 50
64222.595276 50
64222.791276 50
64222.957276 50
64223.156276 50
64223.304276 50
64223.554276 50
64223.697276 50
64223.925276 50
64224.072276 50
64224.485276 50
64224.659276 50
64224.981276 50
64225.126276 50
64225.324276 50
64225.455276 50
64225.681276 50
64225.823276 50
64226.027276 50
64226.441276 50
64226.703276 50
64226.901276 50
64227.127276 50
64227.284276 50
64227.532276 50
64227.783276 50
64228.107276 50
64228.318276 50
64228.865276 50
64229.024276 50
64229.251276 50
64229.399276 50
64229.735276 50
64229.965276 50
64230.187276 50
64230.322276 50
64230.530276 50
64230.919276 50
64231.117276 50
64231.290276 50
64231.570276 50
64231.748276 50
64232.249276 50
64232.478276 50
64232.623276 50
64233.091276 50
64233.228276 50
64233.539276 50
64233.706276 50
64233.936276 50
64234.110276 50
64234.345276 50
64234.482276 50
64234.793276 50
64235.037276 50
64235.538276 50
64235.699276 50
64235.911276 50
64236.077276 50
64236.503276 50
64236.736276 50
64236.872276 50
64237.065276 50
64237.210276 50
64237.632276 50
64237.793276 50
64238.004276 50
64238.188276 50
64238.408276 50
64238.605276 50
64238.947276 50
64239.085276 50
64239.334276 50
64239.520276 50
64240.025276 50
64240.262276 50
64240.449276 50
64240.595276 50
64240.811276 50
64240.988276 50
64241.352276 50
64241.520276 50
64241.736276 50
64242.095276 50
64242.321276 50
64242.494276 50
64242.787276 50
64242.922276 50
64243.122276 50
64243.298276 50
64243.519276 50
64243.713276 50
64243.953276 50
64244.323276 50
64244.511276 50
64244.656276 50
64244.917276 50
64245.082276 50
64245.339276 50
64245.509276 50
64245.775276 50
64245.982276 50
64246.398276 50
64246.526276 50
64246.934276 50
64247.110276 50
64247.359276 50
64247.505276 50
64247.711276 50
64247.919276 50
64248.264276 50
64248.579276 50
64248.822276 49
64248.995276 49
64249.310276 49
64249.575276 49
64249.927276 49
64250.163276 49
64250.362276 49
64250.903276 49
64251.033276 49
64251.259276 49
64251.415276 49
64251.667276 49
64252.009276 49
64252.251276 49
64252.409276 49
64252.663276 49
64252.800276 49
64253.240276 49
64253.458276 49
64253.654276 49
64253.852276 49
64254.069276 49
64254.319276 49
64254.671276 49
64254.830276 49
64255.314276 49
64255.554276 49
64255.823276 49
64255.989276 49
64256.191276 49
64256.349276 49
64256.620276 49
64256.793276 49
64257.310276 49
64257.463276 49
64257.680276 49
64257.814276 49
64258.086276 49
64258.338276 49
64258.614276 49
64258.752276 49
64258.963276 49
64259.330276 49
64259.590276 49
64259.824276 49
64260.033276 49
64260.191276 49
64260.399276 49
64260.734276 49
64260.971276 49
64261.134276 49
64261.565276 49
64261.711276 49
64262.053276 49
64262.209276 49
64262.504276 49
64262.662276 49
64262.871276 49
64263.003276 49
64263.322276 49
64263.700276 49
64263.952276 49
64264.089276 49
64264.299276 49
64264.437276 49
64264.673276 49
64264.831276 49
64265.249276 49
64265.608276 49
64265.800276 49
64265.947276 49
64266.157276 49
64266.307276 49
64266.646276 49
64266.800276 49
64266.996276 49
64267.379276 49
64267.597276 49
64267.764276 49
64267.971276 49
64268.128276 49
64268.404276 49
64268.647276 49
64268.946276 49
64269.148276 49
64269.627276 49
64269.795276 49
64270.053276 49
64270.188276 49
64270.391276 49
64270.581276 49
64270.768276 49
64270.950276 49
64271.288276 49
64271.654276 49
64271.882276 49
64272.015276 49
64272.224276 49
64272.520276 49
64272.845276 49
64273.002276 49
64273.219276 49
64273.374276 49
64273.851276 49
64274.028276 49
64274.213276 49
64274.386276 49
64274.615276 49
64274.749276 49
64275.039276 49
64275.282276 49
64275.473276 49
64275.918276 49
64276.187276 49
64276.524276 49
64276.744276 49
64276.882276 49
64277.145276 49
64277.332276 49
64277.611276 49
64277.851276 49
64278.279276 49
64278.436276 49
64278.648276 49
64278.822276 49
64279.178276 49
64279.433276 49
64279.690276 49
64279.844276 49
64280.497276 49
64280.710276 49
64280.867276 49
64281.099276 49
64281.260276 49
64281.530276 49
64281.786276 49
64281.986276 49
64282.118276 49
64282.536276 49
64282.678276 49
64282.917276 49
64283.074276 49
64283.281276 49
64283.419276 49
64283.653276 49
64283.797276 49
64284.017276 49
64284.377276 49
64284.708276 49
64284.875276 49
64285.093276 49
64285.261276 49
64285.479276 49
64285.670276 49
64286.100276 49
64286.566276 49
64286.712276 49
64286.994276 49
64287.162276 49
64287.525276 49
64287.700276 49
64287.905276 49
64288.053276 49
64288.482276 49
64288.719276 49
64289.005276 49
64289.164276 49
64289.387276 49
64289.600276 49
64289.870276 49
64290.039276 49
64290.306276 49
64290.477276 49
64290.948276 49
64291.127276 49
64291.460276 49
64291.688276 49
64291.894276 49
64292.047276 49
64292.350276 49
64292.522276 49
64292.736276 49
64293.130276 49
64293.352276 49
64293.637276 49
64293.979276 49
64294.120276 49
64294.350276 49
64294.486276 49
64294.705276 49
64294.975276 49
64295.548276 49
64295.685276 48
64295.912276 48
64296.208276 48
64296.543276 48
64296.700276 48
64297.007276 48
64297.406276 48
64297.748276 48
64297.886276 48
64298.094276 48
64298.250276 48
64298.467276 48
64298.639276 48
64299.110276 48
64299.259276 48
64299.517276 48
64299.674276 48
64299.974276 48
64300.426276 48
64300.584276 48
64300.809276 48
64300.934276 48
64301.522276 48
64301.662276 48
64301.871276 48
64302.041276 48
64302.260276 48
64302.426276 48
64302.693276 48
64302.889276 48
64303.097276 48
64303.246276 48
64303.695276 48
64303.831276 48
64304.017276 48
64304.195276 48
64304.394276 48
64304.560276 48
64304.769276 48
64304.917276 48
64305.135276 48
64305.503276 48
64305.799276 48
64305.956276 48
64306.217276 48
64306.377276 48
64306.597276 48
64306.855276 48
64307.125276 48
64307.263276 48
64307.514276 48
64307.658276 48
64308.163276 48
64308.328276 48
64308.539276 48
64308.685276 48
64308.891276 48
64309.039276 48
64309.396276 48
64309.582276 48
64309.785276 48
64309.969276 48
64310.461276 48
64310.642276 48
64310.923276 48
64311.063276 48
64311.334276 48
64311.510276 48
64311.773276 48
64311.952276 48
64312.169276 48
64312.315276 48
64312.824276 48
64312.994276 48
64313.251276 48
64313.444276 48
64313.675276 48
64313.823276 48
64314.129276 48
64314.301276 48
64314.676276 48
64315.108276 48
64315.318276 48
64315.640276 48
64315.777276 48
64315.967276 48
64316.148276 48
64316.387276 48
64316.643276 48
64316.953276 48
64317.360276 48
64317.580276 48
64317.779276 48
64318.124276 48
64318.261276 48
64318.447276 48
64318.588276 48
64318.803276 48
64318.989276 48
64319.338276 48
64319.688276 48
64319.974276 48
64320.115276 48
64320.375276 48
64320.553276 48
64320.871276 48
64321.006276 48
64321.264276 48
64321.399276 48
64321.890276 48
64322.151276 48
64322.406276 48
64322.594276 48
64322.786276 48
64322.932276 48
64323.128276 48
64323.299276 48
64323.539276 48
64323.685276 48
64324.457276 48
64324.594276 48
64324.813276 48
64324.969276 48
64325.193276 48
64325.452276 48
64325.685276 48
64325.847276 48
64326.057276 48
64326.179276 48
64326.772276 48
64326.917276 48
64327.133276 48
64327.270276 48
64327.584276 48
64327.760276 48
64328.140276 48
64328.284276 48
64328.513276 48
64329.010276 48
64329.261276 48
64329.413276 48
64329.640276 48
64329.776276 48
64330.087276 48
64330.327276 48
64330.641276 48
64330.783276 48
64330.976276 48
64331.392276 48
64331.651276 48
64331.816276 48
64332.042276 48
64332.192276 48
64332.414276 48
64332.540276 48
64332.771276 48
64332.939276 48
64333.217276 48
64333.383276 48
64333.867276 48
64334.097276 48
64334.356276 48
64334.523276 48
64334.795276 48
64334.944276 48
64335.155276 48
64335.425276 48
64335.866276 48
64336.034276 48
64336.257276 48
64336.417276 48
64336.835276 48
64337.002276 48
64337.251276 48
64337.600276 48
64337.789276 48
64338.244276 48
64338.392276 48
64338.635276 48
64338.762276 48
64338.958276 48
64339.190276 48
64339.457276 48
64339.699276 48
64339.946276 48
